Частота,Канал A
(kГц),(В)

0.00000000,2.37668800
0.04768372,1.65084400
0.09536743,1.12644400
0.14305115,0.35910320
0.19073486,0.03459786
0.23841858,0.00279125
0.28610229,0.00231024
0.33378601,0.00277109
0.38146973,0.00268002
0.42915344,0.00253101
0.47683716,0.00193610
0.52452087,0.00161869
0.57220459,0.00089010
0.61988831,0.00039011
0.66757202,0.00187908
0.71525574,0.00287197
0.76293945,0.00295232
0.81062317,0.00326729
0.85830688,0.00300944
0.90599060,0.00254843
0.95367432,0.00228304
1.00135803,0.00225735
1.04904175,0.00178699
1.09672546,0.00167851
1.14440918,0.00165611
1.19209290,0.00084310
1.23977661,0.00098207
1.28746033,0.00365172
1.33514404,0.00552595
1.38282776,0.00596609
1.43051147,0.00590754
1.47819519,0.00489022
1.52587891,0.00301242
1.57356262,0.00303506
1.62124634,0.00289135
1.66893005,0.00211696
1.71661377,0.00209522
1.76429749,0.00157656
1.81198120,0.02469959
1.85966492,0.24669440
1.90734863,0.73441470
1.95503235,1.04291000
2.00271606,1.07121800
2.05039978,1.02787200
2.09808350,0.67909190
2.14576721,0.20504140
2.19345093,0.01723476
2.24113464,0.00298778
2.28881836,0.00236743
2.33650208,0.00217509
2.38418579,0.00194113
2.43186951,0.00118527
2.47955322,0.00188820
2.52723694,0.00390144
2.57492065,0.00519071
2.62260437,0.00507036
2.67028809,0.00544236
2.71797180,0.00518382
2.76565552,0.00463081
2.81333923,0.00462956
2.86102295,0.00363087
2.90870667,0.00232526
2.95639038,0.00238015
3.00407410,0.00186991
3.05175781,0.00137577
3.09944153,0.00101187
3.14712524,0.00194084
3.19480896,0.00216928
3.24249268,0.00288535
3.29017639,0.00625270
3.33786011,0.00855682
3.38554382,0.00902734
3.43322754,0.00857989
3.48091125,0.00628419
3.52859497,0.00290480
3.57627869,0.00236516
3.62396240,0.00213505
3.67164612,0.00099752
3.71932983,0.00119763
3.76701355,0.00118349
3.81469727,0.02377406
3.86238098,0.21737040
3.91006470,0.61504500
3.95774841,0.84813730
4.00543213,0.86626680
4.05311584,0.82387290
4.10079956,0.52616460
4.14848328,0.15033800
4.19616699,0.01173174
4.24385071,0.00226438
4.29153442,0.00131398
4.33921814,0.00099906
4.38690186,0.00132805
4.43458557,0.00153014
4.48226929,0.00315152
4.52995300,0.00673568
4.57763672,0.00880659
4.62532043,0.00871336
4.67300415,0.00850807
4.72068787,0.00604231
4.76837158,0.00428260
4.81605530,0.00409321
4.86373901,0.00287993
4.91142273,0.00109980
4.95910645,0.00081163
5.00679016,0.00054260
5.05447388,0.00042864
5.10215759,0.00129102
5.14984131,0.00344550
5.19752502,0.00416317
5.24520874,0.00444827
5.29289246,0.00652429
5.34057617,0.00805804
5.38825989,0.00838534
5.43594360,0.00811721
5.48362732,0.00564118
5.53131104,0.00218046
5.57899475,0.00142269
5.62667847,0.00126320
5.67436218,0.00132662
5.72204590,0.00162104
5.76972961,0.00273669
5.81741333,0.01949226
5.86509705,0.15784670
5.91278076,0.42423670
5.96046448,0.56852860
6.00814819,0.57795430
6.05583191,0.54396000
6.10351563,0.33551350
6.15119934,0.09076463
6.19888306,0.00697526
6.24656677,0.00144040
6.29425049,0.00107915
6.34193420,0.00154721
6.38961792,0.00252778
6.43730164,0.00296284
6.48498535,0.00421920
6.53266907,0.00751388
6.58035278,0.00897074
6.62803650,0.00874071
6.67572021,0.00809754
6.72340393,0.00497744
6.77108765,0.00251752
6.81877136,0.00229915
6.86645508,0.00139487
6.91413879,0.00058447
6.96182251,0.00067676
7.00950623,0.00156952
7.05718994,0.00181049
7.10487366,0.00234339
7.15255737,0.00362670
7.20024109,0.00404102
7.24792480,0.00415092
7.29560852,0.00510346
7.34329224,0.00531392
7.39097595,0.00541357
7.43865967,0.00523896
7.48634338,0.00367946
7.53402710,0.00147216
7.58171082,0.00159762
7.62939453,0.00199218
7.67707825,0.00223208
7.72476196,0.00231073
7.77244568,0.00314899
7.82012939,0.01119397
7.86781311,0.07929534
7.91549683,0.20274350
7.96318054,0.26449130
8.01086426,0.26780810
8.05854797,0.24912470
8.10623169,0.14812730
8.15391541,0.03803980
8.20159912,0.00348007
8.24928284,0.00185419
8.29696655,0.00190168
8.34465027,0.00199366
8.39233398,0.00259881
8.44001770,0.00286926
8.48770142,0.00372608
8.53538513,0.00568031
8.58306885,0.00628010
8.63075256,0.00602419
8.67843628,0.00549510
8.72612000,0.00310626
8.77380371,0.00069544
8.82148743,0.00107747
8.86917114,0.00162092
8.91685486,0.00169086
8.96453857,0.00193544
9.01222229,0.00224357
9.05990601,0.00214450
9.10758972,0.00242557
9.15527344,0.00320119
9.20295715,0.00346726
9.25064087,0.00364829
9.29832458,0.00354381
9.34600830,0.00236402
9.39369202,0.00094807
9.44137573,0.00063817
9.48905945,0.00144612
9.53674316,0.00169554
9.58442688,0.00220842
9.63211060,0.00259256
9.67979431,0.00243541
9.72747803,0.00252592
9.77516174,0.00268163
9.82284546,0.00243760
9.87052917,0.00232941
9.91821289,0.00216741
9.96589661,0.00138541
10.01358032,0.00058795
10.06126404,0.00119209
10.10894775,0.00204638
10.15663147,0.00247387
10.20431519,0.00290918
10.25199890,0.00275977
10.29968262,0.00223483
10.34736633,0.00228734
10.39505005,0.00247483
10.44273376,0.00224955
10.49041748,0.00213431
10.53810120,0.00180084
10.58578491,0.00085678
10.63346863,0.00061682
10.68115234,0.00221599
10.72883606,0.00306637
10.77651978,0.00326454
10.82420349,0.00349588
10.87188721,0.00303519
10.91957092,0.00235617
10.96725464,0.00233185
11.01493835,0.00198180
11.06262207,0.00156633
11.11030579,0.00144452
11.15798950,0.00108010
11.20567322,0.00044433
11.25335693,0.00166030
11.30104065,0.00424074
11.34872437,0.00540755
11.39640808,0.00547876
11.44409180,0.00540093
11.49177551,0.00413274
11.53945923,0.00271592
11.58714294,0.00244842
11.63482666,0.00212302
11.68251038,0.00157825
11.73019409,0.00191264
11.77787781,0.00156470
11.82556152,0.00810696
11.87324524,0.06050737
11.92092896,0.14224760
11.96861267,0.17660350
12.01629639,0.17790250
12.06398010,0.16125230
12.11166382,0.08907170
12.15934753,0.02023926
12.20703125,0.00309346
12.25471497,0.00247469
12.30239868,0.00167914
12.35008240,0.00175521
12.39776611,0.00141276
12.44544983,0.00113376
12.49313354,0.00231741
12.54081726,0.00468463
12.58850098,0.00545733
12.63618469,0.00533721
12.68386841,0.00514410
12.73155212,0.00412037
12.77923584,0.00373911
12.82691956,0.00379143
12.87460327,0.00276850
12.92228699,0.00202155
12.96997070,0.00192710
13.01765442,0.00121983
13.06533813,0.00046429
13.11302185,0.00089098
13.16070557,0.00176500
13.20838928,0.00195406
13.25607300,0.00312159
13.30375671,0.00669642
13.35144043,0.00848997
13.39912415,0.00877335
13.44680786,0.00825440
13.49449158,0.00548597
13.54217529,0.00267084
13.58985901,0.00201509
13.63754272,0.00125141
13.68522644,0.00047106
13.73291016,0.00087358
13.78059387,0.00130397
13.82827759,0.01474265
13.87596130,0.09128901
13.92364502,0.20329650
13.97132874,0.24620690
14.01901245,0.24708590
14.06669617,0.22008460
14.11437988,0.11670230
14.16206360,0.02504620
14.20974731,0.00335399
14.25743103,0.00213355
14.30511475,0.00095629
14.35279846,0.00112084
14.40048218,0.00137833
14.44816589,0.00189941
14.49584961,0.00464415
14.54353333,0.00851794
14.59121704,0.00956176
14.63890076,0.00931017
14.68658447,0.00833889
14.73426819,0.00543381
14.78195190,0.00393436
14.82963562,0.00367758
14.87731934,0.00218159
14.92500305,0.00097576
14.97268677,0.00103427
15.02037048,0.00109526
15.06805420,0.00098485
15.11573792,0.00216159
15.16342163,0.00384664
15.21110535,0.00413079
15.25878906,0.00450985
15.30647278,0.00684312
15.35415649,0.00803768
15.40184021,0.00832329
15.44952393,0.00759716
15.49720764,0.00441998
15.54489136,0.00145753
15.59257507,0.00095439
15.64025879,0.00083319
15.68794250,0.00091802
15.73562622,0.00144149
15.78330994,0.00271981
15.83099365,0.01492904
15.87867737,0.08503440
15.92636108,0.18157920
15.97404480,0.21537110
16.02172852,0.21579490
16.06941223,0.18882380
16.11709595,0.09592883
16.16477966,0.01914001
16.21246338,0.00186028
16.26014709,0.00103573
16.30783081,0.00103400
16.35551453,0.00137694
16.40319824,0.00222915
16.45088196,0.00270693
16.49856567,0.00541195
16.54624939,0.00903233
16.59393311,0.00982463
16.64161682,0.00959291
16.68930054,0.00813027
16.73698425,0.00437422
16.78466797,0.00207668
16.83235168,0.00161561
16.88003540,0.00079651
16.92771912,0.00050661
16.97540283,0.00116400
17.02308655,0.00188637
17.07077026,0.00213018
17.11845398,0.00311503
17.16613770,0.00452688
17.21382141,0.00469356
17.26150513,0.00474962
17.30918884,0.00512324
17.35687256,0.00493764
17.40455627,0.00500352
17.45223999,0.00460930
17.49992371,0.00282072
17.54760742,0.00150553
17.59529114,0.00194105
17.64297485,0.00241834
17.69065857,0.00251507
17.73834229,0.00283794
17.78602600,0.00345784
17.83370972,0.01016879
17.88139343,0.04995171
17.92907715,0.10173010
17.97676086,0.11810090
18.02444458,0.11807770
18.07212830,0.10143600
18.11981201,0.04945687
18.16749573,0.00956629
18.21517944,0.00166806
18.26286316,0.00192796
18.31054688,0.00217575
18.35823059,0.00269545
18.40591431,0.00314931
18.45359802,0.00308273
18.50128174,0.00452170
18.54896545,0.00650811
18.59664917,0.00678030
18.64433289,0.00656756
18.69201660,0.00543600
18.73970032,0.00273769
18.78738403,0.00105186
18.83506775,0.00128022
18.88275146,0.00154320
18.93043518,0.00168212
18.97811890,0.00233476
19.02580261,0.00274744
19.07348633,0.00247722
19.12117004,0.00242073
19.16885376,0.00259032
19.21653748,0.00251535
19.26422119,0.00263749
19.31190491,0.00217257
19.35958862,0.00089951
19.40727234,0.00057495
19.45495605,0.00149147
19.50263977,0.00189950
19.55032349,0.00212326
19.59800720,0.00261636
19.64569092,0.00251090
19.69337463,0.00212307
19.74105835,0.00224525
19.78874207,0.00233674
19.83642578,0.00211363
19.88410950,0.00211320
19.93179321,0.00169783
19.97947693,0.00056062
20.02716064,0.00053297
20.07484436,0.00158106
20.12252808,0.00218478
20.17021179,0.00243106
20.21789551,0.00254828
20.26557922,0.00226035
20.31326294,0.00200067
20.36094666,0.00219758
20.40863037,0.00202825
20.45631409,0.00158840
20.50399780,0.00157156
20.55168152,0.00116141
20.59936523,0.00066279
20.64704895,0.00156356
20.69473267,0.00293787
20.74241638,0.00356984
20.79010010,0.00364769
20.83778381,0.00361650
20.88546753,0.00293817
20.93315125,0.00255437
20.98083496,0.00271192
21.02851868,0.00250172
21.07620239,0.00211577
21.12388611,0.00186140
21.17156982,0.00118730
21.21925354,0.00036102
21.26693726,0.00217910
21.31462097,0.00449358
21.36230469,0.00515939
21.40998840,0.00538191
21.45767212,0.00513996
21.50535583,0.00339072
21.55303955,0.00261043
21.60072327,0.00280764
21.64840698,0.00249304
21.69609070,0.00212648
21.74377441,0.00203343
21.79145813,0.00102057
21.83914185,0.00957507
21.88682556,0.04609984
21.93450928,0.08671555
21.98219299,0.09726989
22.02987671,0.09693071
22.07756042,0.07990369
22.12524414,0.03587561
22.17292786,0.00638520
22.22061157,0.00310143
22.26829529,0.00230000
22.31597900,0.00187063
22.36366272,0.00179640
22.41134644,0.00111979
22.45903015,0.00079555
22.50671387,0.00212922
22.55439758,0.00412993
22.60208130,0.00454230
22.64976501,0.00492528
22.69744873,0.00523348
22.74513245,0.00482340
22.79281616,0.00479077
22.84049988,0.00426379
22.88818359,0.00273819
22.93586731,0.00213544
22.98355103,0.00219390
23.03123474,0.00167634
23.07891846,0.00124987
23.12660217,0.00180611
23.17428589,0.00245992
23.22196960,0.00256279
23.26965332,0.00461524
23.31733704,0.00773887
23.36502075,0.00859626
23.41270447,0.00857720
23.46038818,0.00725843
23.50807190,0.00375600
23.55575562,0.00237538
23.60343933,0.00230648
23.65112305,0.00143489
23.69880676,0.00086717
23.74649048,0.00116635
23.79417419,0.00138366
23.84185791,0.01583076
23.88954163,0.07158671
23.93722534,0.12991510
23.98490906,0.14365940
24.03259277,0.14307190
24.08027649,0.11534530
24.12796021,0.04943582
24.17564392,0.00800990
24.22332764,0.00271740
24.27101135,0.00157330
24.31869507,0.00102727
24.36637878,0.00107619
24.41406250,0.00105736
24.46174622,0.00169061
24.50942993,0.00495800
24.55711365,0.00840233
24.60479736,0.00910584
24.65248108,0.00939959
24.70016479,0.00811211
24.74784851,0.00535389
24.79553223,0.00476630
24.84321594,0.00423776
24.89089966,0.00236044
24.93858337,0.00111902
24.98626709,0.00109283
25.03395081,0.00093014
25.08163452,0.00097622
25.12931824,0.00267396
25.17700195,0.00422569
25.22468567,0.00444277
25.27236938,0.00555301
25.32005310,0.00778415
25.36773682,0.00829368
25.41542053,0.00843822
25.46310425,0.00713657
25.51078796,0.00355043
25.55847168,0.00138143
25.60615540,0.00114712
25.65383911,0.00102797
25.70152283,0.00104924
25.74920654,0.00198124
25.79689026,0.00317828
25.84457397,0.01687638
25.89225769,0.06972155
25.93994141,0.12163800
25.98762512,0.13265200
26.03530884,0.13167240
26.08299255,0.10360640
26.13067627,0.04256951
26.17835999,0.00662700
26.22604370,0.00143726
26.27372742,0.00101354
26.32141113,0.00105293
26.36909485,0.00162574
26.41677856,0.00205310
26.46446228,0.00242686
26.51214600,0.00576116
26.55982971,0.00891074
26.60751343,0.00924981
26.65519714,0.00903965
26.70288086,0.00693469
26.75056458,0.00337125
26.79824829,0.00245930
26.84593201,0.00215941
26.89361572,0.00125288
26.94129944,0.00092241
26.98898315,0.00140353
27.03666687,0.00162482
27.08435059,0.00184606
27.13203430,0.00334907
27.17971802,0.00447190
27.22740173,0.00439206
27.27508545,0.00456738
27.32276917,0.00490687
27.37045288,0.00481166
27.41813660,0.00485787
27.46582031,0.00389557
27.51350403,0.00177830
27.56118774,0.00099796
27.60887146,0.00152417
27.65655518,0.00198549
27.70423889,0.00217375
27.75192261,0.00297416
27.79960632,0.00376060
27.84729004,0.01147010
27.89497375,0.04230439
27.94265747,0.07085568
27.99034119,0.07625960
28.03802490,0.07538840
28.08570862,0.05768405
28.13339233,0.02265991
28.18107605,0.00383691
28.22875977,0.00200849
28.27644348,0.00233875
28.32412720,0.00244899
28.37181091,0.00279198
28.41949463,0.00298949
28.46717834,0.00316610
28.51486206,0.00490136
28.56254578,0.00643736
28.61022949,0.00639191
28.65791321,0.00619709
28.70559692,0.00446911
28.75328064,0.00156376
28.80096436,0.00077660
28.84864807,0.00177364
28.89633179,0.00218342
28.94401550,0.00231976
28.99169922,0.00269572
29.03938293,0.00260391
29.08706665,0.00231786
29.13475037,0.00275773
29.18243408,0.00313463
29.23011780,0.00310711
29.27780151,0.00307890
29.32548523,0.00215507
29.37316895,0.00067312
29.42085266,0.00050396
29.46853638,0.00150801
29.51622009,0.00191380
29.56390381,0.00228875
29.61158752,0.00280848
29.65927124,0.00276134
29.70695496,0.00252269
29.75463867,0.00274951
29.80232239,0.00271964
29.85000610,0.00255617
29.89768982,0.00248958
29.94537354,0.00166422
29.99305725,0.00054035
30.04074097,0.00091354
30.08842468,0.00171027
30.13610840,0.00211823
30.18379211,0.00240998
30.23147583,0.00269832
30.27915955,0.00248900
30.32684326,0.00222998
30.37452698,0.00217388
30.42221069,0.00180841
30.46989441,0.00172814
30.51757813,0.00177820
30.56526184,0.00128051
30.61294556,0.00080340
30.66062927,0.00182609
30.70831299,0.00301762
30.75599670,0.00326205
30.80368042,0.00342163
30.85136414,0.00344676
30.89904785,0.00283891
30.94673157,0.00271981
30.99441528,0.00265689
31.04209900,0.00195234
31.08978271,0.00144776
31.13746643,0.00126834
31.18515015,0.00074714
31.23283386,0.00076243
31.28051758,0.00283609
31.32820129,0.00463602
31.37588501,0.00500842
31.42356873,0.00529681
31.47125244,0.00473271
31.51893616,0.00310245
31.56661987,0.00264591
31.61430359,0.00259495
31.66198730,0.00220034
31.70967102,0.00210711
31.75735474,0.00188668
31.80503845,0.00074935
31.85272217,0.01160546
31.90040588,0.04086376
31.94808960,0.06360412
31.99577332,0.06672413
32.04345703,0.06535941
32.09114075,0.04735449
32.13882446,0.01688073
32.18650818,0.00351718
32.23419189,0.00301939
32.28187561,0.00227127
32.32955933,0.00186800
32.37724304,0.00161019
32.42492676,0.00072358
32.47261047,0.00094030
32.52029419,0.00319624
32.56797791,0.00486592
32.61566162,0.00502039
32.66334534,0.00533756
32.71102905,0.00500872
32.75871277,0.00427234
32.80639648,0.00428280
32.85408020,0.00368882
32.90176392,0.00234171
32.94944763,0.00204794
32.99713135,0.00178301
33.04481506,0.00102955
33.09249878,0.00086184
33.14018250,0.00175868
33.18786621,0.00226834
33.23554993,0.00217672
33.28323364,0.00441207
33.33091736,0.00687809
33.37860107,0.00736223
33.42628479,0.00742328
33.47396851,0.00566568
33.52165222,0.00251703
33.56933594,0.00209078
33.61701965,0.00209384
33.66470337,0.00136753
33.71238708,0.00099354
33.76007080,0.00094535
33.80775452,0.00197848
33.85543823,0.01999865
33.90312195,0.06503870
33.95080566,0.09783720
33.99848938,0.10177110
34.04617310,0.09904362
34.09385681,0.06952124
34.14154053,0.02325265
34.18922424,0.00339577
34.23690796,0.00235922
34.28459167,0.00142917
34.33227539,0.00108816
34.37995911,0.00130440
34.42764282,0.00144707
34.47532654,0.00240277
34.52301025,0.00613987
34.57069397,0.00872145
34.61837769,0.00882667
34.66606140,0.00871798
34.71374512,0.00667578
34.76142883,0.00449371
34.80911255,0.00436860
34.85679626,0.00346843
34.90447998,0.00183055
34.95216370,0.00140104
34.99984741,0.00143252
35.04753113,0.00138065
35.09521484,0.00184461
35.14289856,0.00350851
35.19058228,0.00448776
35.23826599,0.00471115
35.28594971,0.00644862
35.33363342,0.00790750
35.38131714,0.00781856
35.42900085,0.00758648
35.47668457,0.00546983
35.52436829,0.00202991
35.57205200,0.00101745
35.61973572,0.00089363
35.66741943,0.00063112
35.71510315,0.00085878
35.76278687,0.00202737
35.81047058,0.00352721
35.85815430,0.02075586
35.90583801,0.06361535
35.95352173,0.09270968
36.00120544,0.09568366
36.04888916,0.09242301
36.09657288,0.06284017
36.14425659,0.02002907
36.19194031,0.00255734
36.23962402,0.00108359
36.28730774,0.00079137
36.33499146,0.00098105
36.38267517,0.00185645
36.43035889,0.00234871
36.47804260,0.00330357
36.52572632,0.00699577
36.57341003,0.00927239
36.62109375,0.00939152
36.66877747,0.00915820
36.71646118,0.00622987
36.76414490,0.00287607
36.81182861,0.00236838
36.85951233,0.00172638
36.90719604,0.00084239
36.95487976,0.00082599
37.00256348,0.00157154
37.05024719,0.00181039
37.09793091,0.00225800
37.14561462,0.00389268
37.19329834,0.00462712
37.24098206,0.00464049
37.28866577,0.00504963
37.33634949,0.00479061
37.38403320,0.00419497
37.43171692,0.00405346
37.47940063,0.00276364
37.52708435,0.00094986
37.57476807,0.00085500
37.62245178,0.00152260
37.67013550,0.00181726
37.71781921,0.00214102
37.76550293,0.00297431
37.81318665,0.00366456
37.86087036,0.01355492
37.90855408,0.03864559
37.95623779,0.05452858
38.00392151,0.05592109
38.05160522,0.05345496
38.09928894,0.03503741
38.14697266,0.01049637
38.19465637,0.00156761
38.24234009,0.00152278
38.29002380,0.00176268
38.33770752,0.00204666
38.38539124,0.00267448
38.43307495,0.00275459
38.48075867,0.00317496
38.52844238,0.00511498
38.57612610,0.00602328
38.62380981,0.00596664
38.67149353,0.00581242
38.71917725,0.00375416
38.76686096,0.00110146
38.81454468,0.00073720
38.86222839,0.00142554
38.90991211,0.00169847
38.95759583,0.00207429
39.00527954,0.00253677
39.05296326,0.00242921
39.10064697,0.00251099
39.14833069,0.00318767
39.19601440,0.00331271
39.24369812,0.00317784
39.29138184,0.00304056
39.33906555,0.00189620
39.38674927,0.00045837
39.43443298,0.00097963
39.48211670,0.00178136
39.52980042,0.00202061
39.57748413,0.00218212
39.62516785,0.00240676
39.67285156,0.00232937
39.72053528,0.00235267
39.76821899,0.00251509
39.81590271,0.00215100
39.86358643,0.00204132
39.91127014,0.00213525
39.95895386,0.00140183
40.00663757,0.00055450
40.05432129,0.00098280
40.10200500,0.00180064
40.14968872,0.00210763
40.19737244,0.00240209
40.24505615,0.00249798
40.29273987,0.00210485
40.34042358,0.00218990
40.38810730,0.00247384
40.43579102,0.00221841
40.48347473,0.00206036
40.53115845,0.00179809
40.57884216,0.00094566
40.62652588,0.00043418
40.67420959,0.00169352
40.72189331,0.00258249
40.76957703,0.00266024
40.81726074,0.00279906
40.86494446,0.00263276
40.91262817,0.00223372
40.96031189,0.00231165
41.00799561,0.00208671
41.05567932,0.00158264
41.10336304,0.00164475
41.15104675,0.00156564
41.19873047,0.00090107
41.24641418,0.00103230
41.29409790,0.00321839
41.34178162,0.00459249
41.38946533,0.00486092
41.43714905,0.00506340
41.48483276,0.00405800
41.53251648,0.00273482
41.58020020,0.00270795
41.62788391,0.00260467
41.67556763,0.00218630
41.72325134,0.00205717
41.77093506,0.00165156
41.81861877,0.00084188
41.86630249,0.01359664
41.91398621,0.03717319
41.96166992,0.04981833
42.00935364,0.05081808
42.05703735,0.04803761
42.10472107,0.02970635
42.15240479,0.00840299
42.20008850,0.00287630
42.24777222,0.00247145
42.29545593,0.00187922
42.34313965,0.00185110
42.39082336,0.00154891
42.43850708,0.00093644
42.48619080,0.00196864
42.53387451,0.00451990
42.58155823,0.00566657
42.62924194,0.00560228
42.67692566,0.00559413
42.72460938,0.00490499
42.77229309,0.00446035
42.81997681,0.00441277
42.86766052,0.00346780
42.91534424,0.00251243
42.96302795,0.00256730
43.01071167,0.00216253
43.05839539,0.00146517
43.10607910,0.00154516
43.15376282,0.00232854
43.20144653,0.00259735
43.24913025,0.00294687
43.29681396,0.00572718
43.34449768,0.00759190
43.39218140,0.00787472
43.43986511,0.00774002
43.48754883,0.00534831
43.53523254,0.00255532
43.58291626,0.00219949
43.63059998,0.00191791
43.67828369,0.00140839
43.72596741,0.00162560
43.77365112,0.00205138
43.82133484,0.00292431
43.86901855,0.02288273
43.91670227,0.05917729
43.96438599,0.07716186
44.01206970,0.07835963
44.05975342,0.07302051
44.10743713,0.04341075
44.15512085,0.01138310
44.20280457,0.00276610
44.25048828,0.00201052
44.29817200,0.00115740
44.34585571,0.00110510
44.39353943,0.00144183
44.44122314,0.00182976
44.48890686,0.00413580
44.53659058,0.00845958
44.58427429,0.01023704
44.63195801,0.01002057
44.67964172,0.00886624
44.72732544,0.00549053
44.77500916,0.00366316
44.82269287,0.00363321
44.87037659,0.00250167
44.91806030,0.00124430
44.96574402,0.00120050
45.01342773,0.00116992
45.06111145,0.00108986
45.10879517,0.00213137
45.15647888,0.00414653
45.20416260,0.00481235
45.25184631,0.00485036
45.29953003,0.00647361
45.34721375,0.00751966
45.39489746,0.00772918
45.44258118,0.00743614
45.49026489,0.00472287
45.53794861,0.00171212
45.58563232,0.00118236
45.63331604,0.00116873
45.68099976,0.00114156
45.72868347,0.00187531
45.77636719,0.00306427
45.82405090,0.00460197
45.87173462,0.02369650
45.91941833,0.05782268
45.96710205,0.07345607
46.01478577,0.07435116
46.06246948,0.06839045
46.11015320,0.03914360
46.15783691,0.00972125
46.20552063,0.00163784
46.25320435,0.00102303
46.30088806,0.00088737
46.34857178,0.00125265
46.39625549,0.00215012
46.44393921,0.00255706
46.49162292,0.00471193
46.53930664,0.00889759
46.58699036,0.01049222
46.63467407,0.01034921
46.68235779,0.00908355
46.73004150,0.00502439
46.77772522,0.00224032
46.82540894,0.00207403
46.87309265,0.00136579
46.92077637,0.00060167
46.96846008,0.00072598
47.01614380,0.00141463
47.06382751,0.00169644
47.11151123,0.00269292
47.15919495,0.00442863
47.20687866,0.00475946
47.25456238,0.00450517
47.30224609,0.00456183
47.34992981,0.00409773
47.39761353,0.00395855
47.44529724,0.00376954
47.49298096,0.00218256
47.54066467,0.00090565
47.58834839,0.00103376
47.63603210,0.00151581
47.68371582,0.00172665
47.73139954,0.00239032
47.77908325,0.00335403
47.82676697,0.00413127
47.87445068,0.01501472
47.92213440,0.03477263
47.96981812,0.04311117
48.01750183,0.04352203
48.06518555,0.03941536
48.11286926,0.02156701
48.16055298,0.00502520
48.20823669,0.00135892
48.25592041,0.00161521
48.30360413,0.00167453
48.35128784,0.00198721
48.39897156,0.00263027
48.44665527,0.00295526
48.49433899,0.00430600
48.54202271,0.00645611
48.58970642,0.00691919
48.63739014,0.00662830
48.68507385,0.00565996
48.73275757,0.00294682
48.78044128,0.00094249
48.82812500,0.00121440
48.87580872,0.00156083
48.92349243,0.00161743
48.97117615,0.00204928
49.01885986,0.00262788
49.06654358,0.00262484
49.11422729,0.00274074
49.16191101,0.00313277
49.20959473,0.00293411
49.25727844,0.00276808
49.30496216,0.00239994
49.35264587,0.00110920
49.40032959,0.00053219
49.44801331,0.00145557
49.49569702,0.00192168
49.54338074,0.00201438
49.59106445,0.00224922
49.63874817,0.00229854
49.68643188,0.00202876
49.73411560,0.00233782
49.78179932,0.00262567
49.82948303,0.00239979
49.87716675,0.00242233
49.92485046,0.00212965
49.97253418,0.00122614
50.02021790,0.00100437
50.06790161,0.00194738
50.11558533,0.00261015
50.16326904,0.00274308
50.21095276,0.00297229
50.25863647,0.00278515
50.30632019,0.00231599
50.35400391,0.00223440
50.40168762,0.00209358
50.44937134,0.00191733
50.49705505,0.00188940
50.54473877,0.00145216
50.59242249,0.00057065
50.64010620,0.00107602
50.68778992,0.00236508
50.73547363,0.00283449
50.78315735,0.00283999
50.83084106,0.00302459
50.87852478,0.00280240
50.92620850,0.00253145
50.97389221,0.00247295
51.02157593,0.00217894
51.06925964,0.00185404
51.11694336,0.00187673
51.16462708,0.00148383
51.21231079,0.00039573
51.25999451,0.00170472
51.30767822,0.00424060
51.35536194,0.00536311
51.40304565,0.00553935
51.45072937,0.00534510
51.49841309,0.00388084
51.54609680,0.00273580
51.59378052,0.00255409
51.64146423,0.00196937
51.68914795,0.00136763
51.73683167,0.00150174
51.78451538,0.00121514
51.83219910,0.00243905
51.87988281,0.01629119
51.92756653,0.03470880
51.97525024,0.04110893
52.02293396,0.04124914
52.07061768,0.03619764
52.11830139,0.01856421
52.16598511,0.00444455
52.21366882,0.00315890
52.26135254,0.00263898
52.30903625,0.00204906
52.35671997,0.00188970
52.40440369,0.00119570
52.45208740,0.00074644
52.49977112,0.00237766
52.54745483,0.00515875
52.59513855,0.00623651
52.64282227,0.00667720
52.69050598,0.00664017
52.73818970,0.00529552
52.78587341,0.00469028
52.83355713,0.00434979
52.88124084,0.00297569
52.92892456,0.00206250
52.97660828,0.00192258
53.02429199,0.00143495
53.07197571,0.00114743
53.11965942,0.00203441
53.16734314,0.00312778
53.21502686,0.00332484
53.26271057,0.00425105
53.31039429,0.00680586
53.35807800,0.00768586
53.40576172,0.00774178
53.45344543,0.00722688
53.50112915,0.00461374
53.54881287,0.00270791
53.59649658,0.00230733
53.64418030,0.00144131
53.69186401,0.00069784
53.73954773,0.00109298
53.78723145,0.00154404
53.83491516,0.00505291
53.88259888,0.02704626
53.93028259,0.05502793
53.97796631,0.06388444
54.02565002,0.06392220
54.07333374,0.05479899
54.12101746,0.02662424
54.16870117,0.00531526
54.21638489,0.00245460
54.26406860,0.00164826
54.31175232,0.00088415
54.35943604,0.00087630
54.40711975,0.00105786
54.45480347,0.00117915
54.50248718,0.00431999
54.55017090,0.00857435
54.59785461,0.00977382
54.64553833,0.00994931
54.69322205,0.00890153
54.74090576,0.00568560
54.78858948,0.00422195
54.83627319,0.00369227
54.88395691,0.00217542
54.93164063,0.00128177
54.97932434,0.00102394
55.02700806,0.00089612
55.07469177,0.00109047
55.12237549,0.00275345
55.17005920,0.00460064
55.21774292,0.00497490
55.26542664,0.00560548
55.31311035,0.00733926
55.36079407,0.00779069
55.40847778,0.00781440
55.45616150,0.00694271
55.50384521,0.00385154
55.55152893,0.00158582
55.59921265,0.00129484
55.64689636,0.00109948
55.69458008,0.00115713
55.74226379,0.00205227
55.78994751,0.00305687
55.83763123,0.00648513
55.88531494,0.02783779
55.93299866,0.05387354
55.98068237,0.06131383
56.02836609,0.06129462
56.07604980,0.05162244
56.12373352,0.02414562
56.17141724,0.00462471
56.21910095,0.00155596
56.26678467,0.00104059
56.31446838,0.00096493
56.36215210,0.00169428
56.40983582,0.00245744
56.45751953,0.00268558
56.50520325,0.00574612
56.55288696,0.00981715
56.60057068,0.01073428
56.64825439,0.01070766
56.69593811,0.00879024
56.74362183,0.00445442
56.79130554,0.00263111
56.83898926,0.00227659
56.88667297,0.00138465
56.93435669,0.00094601
56.98204041,0.00135340
57.02972412,0.00160823
57.07740784,0.00160500
57.12509155,0.00315560
57.17277527,0.00479722
57.22045898,0.00502370
57.26814270,0.00514954
57.31582642,0.00514422
57.36351013,0.00434594
57.41119385,0.00410966
57.45887756,0.00347199
57.50656128,0.00174359
57.55424500,0.00093899
57.60192871,0.00136846
57.64961243,0.00176338
57.69729614,0.00191944
57.74497986,0.00272400
57.79266357,0.00358925
57.84034729,0.00503795
57.88803101,0.01721780
57.93571472,0.03201055
57.98339844,0.03587264
58.03108215,0.03581420
58.07876587,0.02943340
58.12644958,0.01305455
58.17413330,0.00243599
58.22181702,0.00124781
58.26950073,0.00159315
58.31718445,0.00172475
58.36486816,0.00243132
58.41255188,0.00290509
58.46023560,0.00293876
58.50791931,0.00474109
58.55560303,0.00691003
58.60328674,0.00733817
58.65097046,0.00741057
58.69865417,0.00599830
58.74633789,0.00275837
58.79402161,0.00058776
58.84170532,0.00102423
58.88938904,0.00154296
58.93707275,0.00166096
58.98475647,0.00209659
59.03244019,0.00225504
59.08012390,0.00224736
59.12780762,0.00296014
59.17549133,0.00340356
59.22317505,0.00313709
59.27085876,0.00282697
59.31854248,0.00199853
59.36622620,0.00074600
59.41390991,0.00089460
59.46159363,0.00165319
59.50927734,0.00187923
59.55696106,0.00194363
59.60464478,0.00227658
59.65232849,0.00237680
59.70001221,0.00243747
59.74769592,0.00276518
59.79537964,0.00269616
59.84306335,0.00235174
59.89074707,0.00222569
59.93843079,0.00160236
59.98611450,0.00049679
60.03379822,0.00096683
60.08148193,0.00211550
60.12916565,0.00248916
60.17684937,0.00250621
60.22453308,0.00257385
60.27221680,0.00225528
60.31990051,0.00208211
60.36758423,0.00239664
60.41526794,0.00236081
60.46295166,0.00218687
60.51063538,0.00227883
60.55831909,0.00177866
60.60600281,0.00075313
60.65368652,0.00089252
60.70137024,0.00204440
60.74905396,0.00251493
60.79673767,0.00276920
60.84442139,0.00297114
60.89210510,0.00257721
60.93978882,0.00230971
60.98747253,0.00221991
61.03515625,0.00162657
61.08283997,0.00128002
61.13052368,0.00140299
61.17820740,0.00114292
61.22589111,0.00114364
61.27357483,0.00267228
61.32125854,0.00454342
61.36894226,0.00494794
61.41662598,0.00491371
61.46430969,0.00441600
61.51199341,0.00290273
61.55967712,0.00224116
61.60736084,0.00208938
61.65504456,0.00148306
61.70272827,0.00142136
61.75041199,0.00157835
61.79809570,0.00098234
61.84577942,0.00436047
61.89346313,0.01845674
61.94114685,0.03203562
61.98883057,0.03492820
62.03651428,0.03470425
62.08419800,0.02722903
62.13188171,0.01123038
62.17956543,0.00311420
62.22724915,0.00316860
62.27493286,0.00263369
62.32261658,0.00233180
62.37030029,0.00214919
62.41798401,0.00145418
62.46566772,0.00141833
62.51335144,0.00349525
62.56103516,0.00562688
62.60871887,0.00586023
62.65640259,0.00586705
62.70408630,0.00535629
62.75177002,0.00424521
62.79945374,0.00426868
62.84713745,0.00407827
62.89482117,0.00290831
62.94250488,0.00233781
62.99018860,0.00204406
63.03787231,0.00118293
63.08555603,0.00072338
63.13323975,0.00157674
63.18092346,0.00232849
63.22860718,0.00267040
63.27629089,0.00480233
63.32397461,0.00748026
63.37165833,0.00819367
63.41934204,0.00831994
63.46702576,0.00702895
63.51470947,0.00384164
63.56239319,0.00228688
63.61007690,0.00193109
63.65776062,0.00112543
63.70544434,0.00082521
63.75312805,0.00141238
63.80081177,0.00186042
63.84849548,0.00788269
63.89617920,0.03018947
63.94386292,0.05038115
63.99154663,0.05422356
64.03923035,0.05368680
64.08691406,0.04106070
64.13459778,0.01611053
64.18228149,0.00318553
64.22996521,0.00228172
64.27764893,0.00137434
64.32533264,0.00100517
64.37301636,0.00110022
64.42070007,0.00134617
64.46838379,0.00237722
64.51606750,0.00636159
64.56375122,0.00971498
64.61143494,0.01003453
64.65911865,0.00982793
64.70680237,0.00756050
64.75448608,0.00417178
64.80216980,0.00370986
64.84985352,0.00331483
64.89753723,0.00206745
64.94522095,0.00161908
64.99290466,0.00190447
65.04058838,0.00195959
65.08827209,0.00211253
65.13595581,0.00349018
65.18363953,0.00461904
65.23132324,0.00472651
65.27900696,0.00571963
65.32669067,0.00712630
65.37437439,0.00730762
65.42205811,0.00734324
65.46974182,0.00587169
65.51742554,0.00260002
65.56510925,0.00098037
65.61279297,0.00095335
65.66047668,0.00098747
65.70816040,0.00128076
65.75584412,0.00244678
65.80352783,0.00332985
65.85121155,0.00896343
65.89889526,0.03050099
65.94657898,0.04897507
65.99426270,0.05208638
66.04194641,0.05127563
66.08963013,0.03801600
66.13731384,0.01395869
66.18499756,0.00204274
66.23268127,0.00097680
66.28036499,0.00048316
66.32804871,0.00072146
66.37573242,0.00169157
66.42341614,0.00235197
66.47109985,0.00308675
66.51878357,0.00697028
66.56646729,0.01015486
66.61415100,0.01049589
66.66183472,0.01024169
66.70951843,0.00741262
66.75720215,0.00304897
66.80488586,0.00186481
66.85256958,0.00156951
66.90025330,0.00082982
66.94793701,0.00095763
66.99562073,0.00195418
67.04330444,0.00249664
67.09098816,0.00288707
67.13867188,0.00423673
67.18635559,0.00507146
67.23403931,0.00494650
67.28172302,0.00520720
67.32940674,0.00515453
67.37709045,0.00464790
67.42477417,0.00445602
67.47245789,0.00335577
67.52014160,0.00151622
67.56782532,0.00107199
67.61550903,0.00158047
67.66319275,0.00192961
67.71087646,0.00214089
67.75856018,0.00301979
67.80624390,0.00356895
67.85392761,0.00620437
67.90161133,0.01862386
67.94929504,0.02896264
67.99697876,0.03074319
68.04466248,0.03035110
68.09234619,0.02198065
68.14002991,0.00789637
68.18771362,0.00158978
68.23539734,0.00140623
68.28308105,0.00151949
68.33076477,0.00177033
68.37844849,0.00259270
68.42613220,0.00300702
68.47381592,0.00348150
68.52149963,0.00552326
68.56918335,0.00693976
68.61686707,0.00685848
68.66455078,0.00662361
68.71223450,0.00467010
68.75991821,0.00173668
68.80760193,0.00037499
68.85528564,0.00094308
68.90296936,0.00123126
68.95065308,0.00175644
68.99833679,0.00267422
69.04602051,0.00301640
69.09370422,0.00310424
69.14138794,0.00359256
69.18907166,0.00367643
69.23675537,0.00339158
69.28443909,0.00312422
69.33212280,0.00188793
69.37980652,0.00032547
69.42749023,0.00134845
69.47517395,0.00224795
69.52285767,0.00243678
69.57054138,0.00247971
69.61822510,0.00275854
69.66590881,0.00272449
69.71359253,0.00266783
69.76127625,0.00285483
69.80895996,0.00272398
69.85664368,0.00263604
69.90432739,0.00261495
69.95201111,0.00172364
69.99969482,0.00037135
70.04737854,0.00098925
70.09506226,0.00204929
70.14274597,0.00236135
70.19042969,0.00258101
70.23811340,0.00272665
70.28579712,0.00238661
70.33348083,0.00228610
70.38116455,0.00237879
70.42884827,0.00204616
70.47653198,0.00190831
70.52421570,0.00180669
70.57189941,0.00112727
70.61958313,0.00084492
70.66726685,0.00204229
70.71495056,0.00307070
70.76263428,0.00328458
70.81031799,0.00326870
70.85800171,0.00280129
70.90568542,0.00191265
70.95336914,0.00174101
71.00105286,0.00201283
71.04873657,0.00182319
71.09642029,0.00174619
71.14410400,0.00167869
71.19178772,0.00102700
71.23947144,0.00033403
71.28715515,0.00263490
71.33483887,0.00437173
71.38252258,0.00480075
71.43020630,0.00522038
71.47789001,0.00468552
71.52557373,0.00341080
71.57325745,0.00312942
71.62094116,0.00274221
71.66862488,0.00184484
71.71630859,0.00141583
71.76399231,0.00105920
71.81167603,0.00063249
71.85935974,0.00658306
71.90704346,0.01980845
71.95472717,0.02850450
72.00241089,0.02928037
72.05009460,0.02839358
72.09777832,0.01941452
72.14546204,0.00664667
72.19314575,0.00326822
72.24082947,0.00304127
72.28851318,0.00218122
72.33619690,0.00186723
72.38388062,0.00168223
72.43156433,0.00122042
72.47924805,0.00196741
72.52693176,0.00472792
72.57461548,0.00648328
72.62229919,0.00656180
72.66998291,0.00665918
72.71766663,0.00568593
72.76535034,0.00453274
72.81303406,0.00422923
72.86071777,0.00307680
72.90840149,0.00181198
72.95608521,0.00186454
73.00376892,0.00162864
73.05145264,0.00097036
73.09913635,0.00080704
73.14682007,0.00182655
73.19450378,0.00252177
73.24218750,0.00306677
73.28987122,0.00549612
73.33755493,0.00741844
73.38523865,0.00764155
73.43292236,0.00765107
73.48060608,0.00596073
73.52828979,0.00344251
73.57597351,0.00275586
73.62365723,0.00217402
73.67134094,0.00110355
73.71902466,0.00084984
73.76670837,0.00136506
73.81439209,0.00188220
73.86207581,0.01107556
73.90975952,0.03228869
73.95744324,0.04542519
74.00512695,0.04651208
74.05281067,0.04457539
74.10049438,0.02927791
74.14817810,0.00900892
74.19586182,0.00297212
74.24354553,0.00244138
74.29122925,0.00147493
74.33891296,0.00132498
74.38659668,0.00174005
74.43428040,0.00194928
74.48196411,0.00365087
74.52964783,0.00825708
74.57733154,0.01078457
74.62501526,0.01076068
74.67269897,0.01025196
74.72038269,0.00709569
74.76806641,0.00435693
74.81575012,0.00403574
74.86343384,0.00284774
74.91111755,0.00127920
74.95880127,0.00103301
75.00648499,0.00085367
75.05416870,0.00071370
75.10185242,0.00168879
75.14953613,0.00386227
75.19721985,0.00494518
75.24490356,0.00520613
75.29258728,0.00672280
75.34027100,0.00772862
75.38795471,0.00764883
75.43563843,0.00737110
75.48332214,0.00507586
75.53100586,0.00216809
75.57868958,0.00157813
75.62637329,0.00158833
75.67405701,0.00145278
75.72174072,0.00184825
75.76942444,0.00276164
75.81710815,0.00330223
75.86479187,0.01195367
75.91247559,0.03240881
75.96015930,0.04448191
76.00784302,0.04560747
76.05552673,0.04331613
76.10321045,0.02755411
76.15089417,0.00803940
76.19857788,0.00179853
76.24626160,0.00125986
76.29394531,0.00079767
76.34162903,0.00132369
76.38931274,0.00223100
76.43699646,0.00247466
76.48468018,0.00388410
76.53236389,0.00853092
76.58004761,0.01103439
76.62773132,0.01111978
76.67541504,0.01037844
76.72309875,0.00632506
76.77078247,0.00236117
76.81846619,0.00215636
76.86614990,0.00170910
76.91383362,0.00101622
76.96151733,0.00109904
77.00920105,0.00172959
77.05688477,0.00194073
77.10456848,0.00285052
77.15225220,0.00477678
77.19993591,0.00544721
77.24761963,0.00533589
77.29530334,0.00557561
77.34298706,0.00508706
77.39067078,0.00448070
77.43835449,0.00409617
77.48603821,0.00263683
77.53372192,0.00097372
77.58140564,0.00109696
77.62908936,0.00185561
77.67677307,0.00215364
77.72445679,0.00257122
77.77214050,0.00344932
77.81982422,0.00389106
77.86750793,0.00830809
77.91519165,0.01991625
77.96287537,0.02629493
78.01055908,0.02674816
78.05824280,0.02514646
78.10592651,0.01535738
78.15361023,0.00425105
78.20129395,0.00111492
78.24897766,0.00137459
78.29666138,0.00161866
78.34434509,0.00226862
78.39202881,0.00290087
78.43971252,0.00266229
78.48739624,0.00304666
78.53507996,0.00556177
78.58276367,0.00697715
78.63044739,0.00721085
78.67813110,0.00683454
78.72581482,0.00414734
78.77349854,0.00121931
78.82118225,0.00110734
78.86886597,0.00168288
78.91654968,0.00166885
78.96423340,0.00203672
79.01191711,0.00264603
79.05960083,0.00266835
79.10728455,0.00291390
79.15496826,0.00362162
79.20265198,0.00367745
79.25033569,0.00335389
79.29801941,0.00277098
79.34570313,0.00127287
79.39338684,0.00056564
79.44107056,0.00152000
79.48875427,0.00194734
79.53643799,0.00194363
79.58412170,0.00241647
79.63180542,0.00281841
79.67948914,0.00267907
79.72717285,0.00272579
79.77485657,0.00282526
79.82254028,0.00245297
79.87022400,0.00222996
79.91790771,0.00191592
79.96559143,0.00081977
80.01327515,0.00048510
80.06095886,0.00169810
80.10864258,0.00243609
80.15632629,0.00260980
80.20401001,0.00268275
80.25169373,0.00241598
80.29937744,0.00222731
80.34706116,0.00265277
80.39474487,0.00280758
80.44242859,0.00225862
80.49011230,0.00185054
80.53779602,0.00128005
80.58547974,0.00031153
80.63316345,0.00111228
80.68084717,0.00243571
80.72853088,0.00313548
80.77621460,0.00309627
80.82389832,0.00319610
80.87158203,0.00276870
80.91926575,0.00206049
80.96694946,0.00220423
81.01463318,0.00224475
81.06231689,0.00197016
81.11000061,0.00200402
81.15768433,0.00174054
81.20536804,0.00086114
81.25305176,0.00107931
81.30073547,0.00335204
81.34841919,0.00455455
81.39610291,0.00484764
81.44378662,0.00507462
81.49147034,0.00407664
81.53915405,0.00301121
81.58683777,0.00292288
81.63452148,0.00255832
81.68220520,0.00192537
81.72988892,0.00174415
81.77757263,0.00135574
81.82525635,0.00077401
81.87294006,0.00816395
81.92062378,0.02021655
81.96830750,0.02550472
82.01599121,0.02573484
82.06367493,0.02389563
82.11135864,0.01405788
82.15904236,0.00473517
82.20672607,0.00337841
82.25440979,0.00242629
82.30209351,0.00143325
82.34977722,0.00140792
82.39746094,0.00102155
82.44514465,0.00063239
82.49282837,0.00215940
82.54051208,0.00517828
82.58819580,0.00639471
82.63587952,0.00652309
82.68356323,0.00658640
82.73124695,0.00549313
82.77893066,0.00498072
82.82661438,0.00486154
82.87429810,0.00337681
82.92198181,0.00169440
82.96966553,0.00137467
83.01734924,0.00104053
83.06503296,0.00070273
83.11271667,0.00119219
83.16040039,0.00231635
83.20808411,0.00253961
83.25576782,0.00315643
83.30345154,0.00590810
83.35113525,0.00732620
83.39881897,0.00742061
83.44650269,0.00706957
83.49418640,0.00482899
83.54187012,0.00290064
83.58955383,0.00262101
83.63723755,0.00183240
83.68492126,0.00083469
83.73260498,0.00086538
83.78028870,0.00116818
83.82797241,0.00221674
83.87565613,0.01409874
83.92333984,0.03278622
83.97102356,0.04053679
84.01870728,0.04088375
84.06639099,0.03704249
84.11407471,0.02043025
84.16175842,0.00539683
84.20944214,0.00285183
84.25712585,0.00168141
84.30480957,0.00069901
84.35249329,0.00080325
84.40017700,0.00112729
84.44786072,0.00177367
84.49554443,0.00502251
84.54322815,0.00983584
84.59091187,0.01147595
84.63859558,0.01143817
84.68627930,0.01034232
84.73396301,0.00663303
84.78164673,0.00465494
84.82933044,0.00420639
84.87701416,0.00257914
84.92469788,0.00088065
84.97238159,0.00056984
85.02006531,0.00079986
85.06774902,0.00097285
85.11543274,0.00212706
85.16311646,0.00408334
85.21080017,0.00452073
85.25848389,0.00479143
85.30616760,0.00621977
85.35385132,0.00682940
85.40153503,0.00699002
85.44921875,0.00663502
85.49690247,0.00416013
85.54458618,0.00183076
85.59226990,0.00134539
85.63995361,0.00123296
85.68763733,0.00112903
85.73532104,0.00165169
85.78300476,0.00287696
85.83068848,0.00392624
85.87837219,0.01498218
85.92605591,0.03264807
85.97373962,0.03922150
86.02142334,0.03939362
86.06910706,0.03509242
86.11679077,0.01849712
86.16447449,0.00433734
86.21215820,0.00162879
86.25984192,0.00122768
86.30752563,0.00098853
86.35520935,0.00162678
86.40289307,0.00255688
86.45057678,0.00311332
86.49826050,0.00619596
86.54594421,0.01086616
86.59362793,0.01220883
86.64131165,0.01200927
86.68899536,0.01032000
86.73667908,0.00551434
86.78436279,0.00269016
86.83204651,0.00240566
86.87973022,0.00155794
86.92741394,0.00097615
86.97509766,0.00136513
87.02278137,0.00194091
87.07046509,0.00211733
87.11814880,0.00342641
87.16583252,0.00517222
87.21351624,0.00533203
87.26119995,0.00514227
87.30888367,0.00506255
87.35656738,0.00438098
87.40425110,0.00415848
87.45193481,0.00383266
87.49961853,0.00223332
87.54730225,0.00095241
87.59498596,0.00135313
87.64266968,0.00194725
87.69035339,0.00210343
87.73803711,0.00256970
87.78572083,0.00327327
87.83340454,0.00389289
87.88108826,0.01040688
87.92877197,0.02051788
87.97645569,0.02385048
88.02413940,0.02373754
88.07182312,0.02064654
88.11950684,0.01040628
88.16719055,0.00244842
88.21487427,0.00148897
88.26255798,0.00196068
88.31024170,0.00196033
88.35792542,0.00241574
88.40560913,0.00300643
88.45329285,0.00317118
88.50097656,0.00470043
88.54866028,0.00702820
88.59634399,0.00746511
88.64402771,0.00728659
88.69171143,0.00598151
88.73939514,0.00255851
88.78707886,0.00019060
88.83476257,0.00146282
88.88244629,0.00198770
88.93013000,0.00205704
88.97781372,0.00241085
89.02549744,0.00276576
89.07318115,0.00272081
89.12086487,0.00320204
89.16854858,0.00381735
89.21623230,0.00359827
89.26391602,0.00344411
89.31159973,0.00278307
89.35928345,0.00130965
89.40696716,0.00051670
89.45465088,0.00107971
89.50233459,0.00150418
89.55001831,0.00165909
89.59770203,0.00206428
89.64538574,0.00222198
89.69306946,0.00230615
89.74075317,0.00280156
89.78843689,0.00292945
89.83612061,0.00241355
89.88380432,0.00210137
89.93148804,0.00169470
89.97917175,0.00119639
90.02685547,0.00140835
90.07453918,0.00191734
90.12222290,0.00209743
90.16990662,0.00206334
90.21759033,0.00246774
90.26527405,0.00252415
90.31295776,0.00225779
90.36064148,0.00238476
90.40832520,0.00229828
90.45600891,0.00211050
90.50369263,0.00211083
90.55137634,0.00163274
90.59906006,0.00088411
90.64674377,0.00119330
90.69442749,0.00225425
90.74211121,0.00265684
90.78979492,0.00277530
90.83747864,0.00295891
90.88516235,0.00262141
90.93284607,0.00237467
90.98052979,0.00247783
91.02821350,0.00219974
91.07589722,0.00181042
91.12358093,0.00173432
91.17126465,0.00136928
91.21894836,0.00084884
91.26663208,0.00192071
91.31431580,0.00379406
91.36199951,0.00442270
91.40968323,0.00456399
91.45736694,0.00438253
91.50505066,0.00303438
91.55273438,0.00221557
91.60041809,0.00222370
91.64810181,0.00182787
91.69578552,0.00162927
91.74346924,0.00171347
91.79115295,0.00115473
91.83883667,0.00169215
91.88652039,0.01055490
91.93420410,0.02067011
91.98188782,0.02355026
92.02957153,0.02358791
92.07725525,0.01990273
92.12493896,0.00959309
92.17262268,0.00329405
92.22030640,0.00297772
92.26799011,0.00217881
92.31567383,0.00154765
92.36335754,0.00134691
92.41104126,0.00077795
92.45872498,0.00074881
92.50640869,0.00301475
92.55409241,0.00586674
92.60177612,0.00654645
92.64945984,0.00656468
92.69714355,0.00599427
92.74482727,0.00449149
92.79251099,0.00409259
92.84019470,0.00374788
92.88787842,0.00270587
92.93556213,0.00218681
92.98324585,0.00192806
93.03092957,0.00113375
93.07861328,0.00054335
93.12629700,0.00123874
93.17398071,0.00213276
93.22166443,0.00222313
93.26934814,0.00357761
93.31703186,0.00607186
93.36471558,0.00680521
93.41239929,0.00697939
93.46008301,0.00634139
93.50776672,0.00381173
93.55545044,0.00254065
93.60313416,0.00232770
93.65081787,0.00143331
93.69850159,0.00079403
93.74618530,0.00102082
93.79386902,0.00142122
93.84155273,0.00389803
93.88923645,0.01749347
93.93692017,0.03265651
93.98460388,0.03656213
94.03228760,0.03659427
94.07997131,0.03020572
94.12765503,0.01369118
94.17533875,0.00341930
94.22302246,0.00252408
94.27070618,0.00155018
94.31838989,0.00084912
94.36607361,0.00119272
94.41375732,0.00164213
94.46144104,0.00211446
94.50912476,0.00603565
94.55680847,0.01038187
94.60449219,0.01113140
94.65217590,0.01099719
94.69985962,0.00912759
94.74754333,0.00532980
94.79522705,0.00426027
94.84291077,0.00352110
94.89059448,0.00180627
94.93827820,0.00096094
94.98596191,0.00098407
95.03364563,0.00118831
95.08132935,0.00158886
95.12901306,0.00291431
95.17669678,0.00427873
95.22438049,0.00436337
95.27206421,0.00510003
95.31974792,0.00649893
95.36743164,0.00668469
95.41511536,0.00674806
95.46279907,0.00576016
95.51048279,0.00300107
95.55816650,0.00161095
95.60585022,0.00146341
95.65353394,0.00108635
95.70121765,0.00098106
95.74890137,0.00186604
95.79658508,0.00280396
95.84426880,0.00495062
95.89195251,0.01825694
95.93963623,0.03254149
95.98731995,0.03580276
96.03500366,0.03562571
96.08268738,0.02863728
96.13037109,0.01229368
96.17805481,0.00261656
96.22573853,0.00149067
96.27342224,0.00115532
96.32110596,0.00113562
96.36878967,0.00170062
96.41647339,0.00234339
96.46415710,0.00307237
96.51184082,0.00728920
96.55952454,0.01143298
96.60720825,0.01192059
96.65489197,0.01158202
96.70257568,0.00890298
96.75025940,0.00390382
96.79794312,0.00221745
96.84562683,0.00182837
96.89331055,0.00106579
96.94099426,0.00096496
96.98867798,0.00161670
97.03636169,0.00215220
97.08404541,0.00239615
97.13172913,0.00379118
97.17941284,0.00513049
97.22709656,0.00514632
97.27478027,0.00501845
97.32246399,0.00456420
97.37014771,0.00381138
97.41783142,0.00385748
97.46551514,0.00330213
97.51319885,0.00170979
97.56088257,0.00110586
97.60856628,0.00188473
97.65625000,0.00243374
97.70393372,0.00262801
97.75161743,0.00336004
97.79930115,0.00397264
97.84698486,0.00486526
97.89466858,0.01181739
97.94235229,0.01966287
97.99003601,0.02129353
98.03771973,0.02121418
98.08540344,0.01675159
98.13308716,0.00712785
98.18077087,0.00197463
98.22845459,0.00190617
98.27613831,0.00224457
98.32382202,0.00248721
98.37150574,0.00322326
98.41918945,0.00362480
98.46687317,0.00363947
98.51455688,0.00542932
98.56224060,0.00739853
98.60992432,0.00744323
98.65760803,0.00718452
98.70529175,0.00533805
98.75297546,0.00188344
98.80065918,0.00071576
98.84834290,0.00170000
98.89602661,0.00214040
98.94371033,0.00236636
98.99139404,0.00276007
99.03907776,0.00270329
99.08676147,0.00251523
99.13444519,0.00311770
99.18212891,0.00360059
99.22981262,0.00340559
99.27749634,0.00318347
99.32518005,0.00216845
99.37286377,0.00091128
99.42054749,0.00135677
99.46823120,0.00195060
99.51591492,0.00199936
99.56359863,0.00197826
99.61128235,0.00240723
99.65896606,0.00247563
99.70664978,0.00238641
99.75433350,0.00269161
99.80201721,0.00266099
99.84970093,0.00230465
99.89738464,0.00210828
99.94506836,0.00131778
99.99275208,0.00026238
100.04043579,0.00123223
100.08811951,0.00217805
100.13580322,0.00257563
100.18348694,0.00294961
100.23117065,0.00330277
100.27885437,0.00307512
100.32653809,0.00299148
100.37422180,0.00318490
100.42190552,0.00287661
100.46958923,0.00242044
100.51727295,0.00204079
100.56495667,0.00118247
100.61264038,0.00041142
100.66032410,0.00147534
100.70800781,0.00260914
100.75569153,0.00286595
100.80337524,0.00312270
100.85105896,0.00328854
100.89874268,0.00286357
100.94642639,0.00278720
100.99411011,0.00281985
101.04179382,0.00229305
101.08947754,0.00181121
101.13716125,0.00156986
101.18484497,0.00091804
101.23252869,0.00048774
101.28021240,0.00249626
101.32789612,0.00438770
101.37557983,0.00488991
101.42326355,0.00509189
101.47094727,0.00445637
101.51863098,0.00261402
101.56631470,0.00182355
101.61399841,0.00199561
101.66168213,0.00189353
101.70936584,0.00198785
101.75704956,0.00189141
101.80473328,0.00104208
101.85241699,0.00322116
101.90010071,0.01226793
101.94778442,0.01966515
101.99546814,0.02078806
102.04315186,0.02047748
102.09083557,0.01534159
102.13851929,0.00628803
102.18620300,0.00350646
102.23388672,0.00333005
102.28157043,0.00237382
102.32925415,0.00197678
102.37693787,0.00186348
102.42462158,0.00139488
102.47230530,0.00194931
102.51998901,0.00474004
102.56767273,0.00679176
102.61535645,0.00686407
102.66304016,0.00696402
102.71072388,0.00612711
102.75840759,0.00475094
102.80609131,0.00453954
102.85377502,0.00389261
102.90145874,0.00248294
102.94914246,0.00213766
102.99682617,0.00191663
103.04450989,0.00127280
103.09219360,0.00107880
103.13987732,0.00199618
103.18756104,0.00273583
103.23524475,0.00292627
103.28292847,0.00463021
103.33061218,0.00678919
103.37829590,0.00730912
103.42597961,0.00740793
103.47366333,0.00593686
103.52134705,0.00289017
103.56903076,0.00187400
103.61671448,0.00167109
103.66439819,0.00110694
103.71208191,0.00098615
103.75976563,0.00119760
103.80744934,0.00137652
103.85513306,0.00574524
103.90281677,0.02000667
103.95050049,0.03106881
103.99818420,0.03253247
104.04586792,0.03184111
104.09355164,0.02291326
104.14123535,0.00811159
104.18891907,0.00300573
104.23660278,0.00272083
104.28428650,0.00182570
104.33197021,0.00153237
104.37965393,0.00162409
104.42733765,0.00156689
104.47502136,0.00308940
104.52270508,0.00812066
104.57038879,0.01161645
104.61807251,0.01182488
104.66575623,0.01153361
104.71343994,0.00851587
104.76112366,0.00471318
104.80880737,0.00419864
104.85649109,0.00346130
104.90417480,0.00187919
104.95185852,0.00135830
104.99954224,0.00128333
105.04722595,0.00127753
105.09490967,0.00197106
105.14259338,0.00392862
105.19027710,0.00513146
105.23796082,0.00524581
105.28564453,0.00611211
105.33332825,0.00694079
105.38101196,0.00682569
105.42869568,0.00676112
105.47637939,0.00506480
105.52406311,0.00197256
105.57174683,0.00075356
105.61943054,0.00072195
105.66711426,0.00072833
105.71479797,0.00089529
105.76248169,0.00234215
105.81016541,0.00313103
105.85784912,0.00654028
105.90553284,0.02033287
105.95321655,0.03055788
106.00090027,0.03182902
106.04858398,0.03104473
106.09626770,0.02162401
106.14395142,0.00721423
106.19163513,0.00171546
106.23931885,0.00142805
106.28700256,0.00109660
106.33468628,0.00132914
106.38237000,0.00224429
106.43005371,0.00264296
106.47773743,0.00398851
106.52542114,0.00897667
106.57310486,0.01223509
106.62078857,0.01236809
106.66847229,0.01176244
106.71615601,0.00789622
106.76383972,0.00315327
106.81152344,0.00211550
106.85920715,0.00149386
106.90689087,0.00066020
106.95457458,0.00075444
107.00225830,0.00139267
107.04994202,0.00165606
107.09762573,0.00215092
107.14530945,0.00405896
107.19299316,0.00515440
107.24067688,0.00517534
107.28836060,0.00504466
107.33604431,0.00420047
107.38372803,0.00351933
107.43141174,0.00359400
107.47909546,0.00271761
107.52677917,0.00112495
107.57446289,0.00105153
107.62214661,0.00169573
107.66983032,0.00182466
107.71751404,0.00176063
107.76519775,0.00264888
107.81288147,0.00325964
107.86056519,0.00516553
107.90824890,0.01294452
107.95593262,0.01847238
108.00361633,0.01897045
108.05130005,0.01829608
108.09898376,0.01227322
108.14666748,0.00370171
108.19435120,0.00080018
108.24203491,0.00118744
108.28971863,0.00132241
108.33740234,0.00154670
108.38508606,0.00232685
108.43276978,0.00255230
108.48045349,0.00338310
108.52813721,0.00627903
108.57582092,0.00782992
108.62350464,0.00777543
108.67118835,0.00741146
108.71887207,0.00481222
108.76655579,0.00142192
108.81423950,0.00051494
108.86192322,0.00123645
108.90960693,0.00144906
108.95729065,0.00191704
109.00497437,0.00251706
109.05265808,0.00251305
109.10034180,0.00260245
109.14802551,0.00319013
109.19570923,0.00336984
109.24339294,0.00327045
109.29107666,0.00308578
109.33876038,0.00202352
109.38644409,0.00089247
109.43412781,0.00108973
109.48181152,0.00166299
109.52949524,0.00179217
109.57717896,0.00218364
109.62486267,0.00269965
109.67254639,0.00252229
109.72023010,0.00237262
109.76791382,0.00258934
109.81559753,0.00244431
109.86328125,0.00229547
109.91096497,0.00211238
109.95864868,0.00120108
110.00633240,0.00086573
110.05401611,0.00176893
110.10169983,0.00242602
110.14938354,0.00236298
110.19706726,0.00216650
110.24475098,0.00209967
110.29243469,0.00195145
110.34011841,0.00224784
110.38780212,0.00266196
110.43548584,0.00254299
110.48316956,0.00252876
110.53085327,0.00238146
110.57853699,0.00154688
110.62622070,0.00102269
110.67390442,0.00198607
110.72158813,0.00294654
110.76927185,0.00299518
110.81695557,0.00299358
110.86463928,0.00276322
110.91232300,0.00221053
110.96000671,0.00226746
111.00769043,0.00220208
111.05537415,0.00160333
111.10305786,0.00151522
111.15074158,0.00146388
111.19842529,0.00095538
111.24610901,0.00144996
111.29379272,0.00340034
111.34147644,0.00465633
111.38916016,0.00485517
111.43684387,0.00488833
111.48452759,0.00392260
111.53221130,0.00263945
111.57989502,0.00264293
111.62757874,0.00271683
111.67526245,0.00228118
111.72294617,0.00220815
111.77062988,0.00191224
111.81831360,0.00064241
111.86599731,0.00460425
111.91368103,0.01355028
111.96136475,0.01866643
112.00904846,0.01916502
112.05673218,0.01837087
112.10441589,0.01202829
112.15209961,0.00446153
112.19978333,0.00287634
112.24746704,0.00230550
112.29515076,0.00143434
112.34283447,0.00137264
112.39051819,0.00118494
112.43820190,0.00073046
112.48588562,0.00201003
112.53356934,0.00529138
112.58125305,0.00701879
112.62893677,0.00715077
112.67662048,0.00703078
112.72430420,0.00536325
112.77198792,0.00400008
112.81967163,0.00390412
112.86735535,0.00301137
112.91503906,0.00184481
112.96272278,0.00177600
113.01040649,0.00141257
113.05809021,0.00071359
113.10577393,0.00106141
113.15345764,0.00227226
113.20114136,0.00266363
113.24882507,0.00299422
113.29650879,0.00523895
113.34419250,0.00678898
113.39187622,0.00705848
113.43955994,0.00690189
113.48724365,0.00473625
113.53492737,0.00210151
113.58261108,0.00161243
113.63029480,0.00135969
113.67797852,0.00085944
113.72566223,0.00093404
113.77334595,0.00134295
113.82102966,0.00143678
113.86871338,0.00831560
113.91639709,0.02223773
113.96408081,0.02968512
114.01176453,0.03036551
114.05944824,0.02876265
114.10713196,0.01799482
114.15481567,0.00570267
114.20249939,0.00247446
114.25018311,0.00151259
114.29786682,0.00062238
114.34555054,0.00063134
114.39323425,0.00080247
114.44091797,0.00116513
114.48860168,0.00409932
114.53628540,0.00963310
114.58396912,0.01195564
114.63165283,0.01172627
114.67933655,0.01068940
114.72702026,0.00661182
114.77470398,0.00376226
114.82238770,0.00356979
114.87007141,0.00253234
114.91775513,0.00151709
114.96543884,0.00145302
115.01312256,0.00128922
115.06080627,0.00124912
115.10848999,0.00212306
115.15617371,0.00400472
115.20385742,0.00472144
115.25154114,0.00514087
115.29922485,0.00662521
115.34690857,0.00713182
115.39459229,0.00693662
115.44227600,0.00661179
115.48995972,0.00428969
115.53764343,0.00168666
115.58532715,0.00114235
115.63301086,0.00101281
115.68069458,0.00085911
115.72837830,0.00156008
115.77606201,0.00282959
115.82374573,0.00339356
115.87142944,0.00936149
115.91911316,0.02251396
115.96679688,0.02904289
116.01448059,0.02946631
116.06216431,0.02746543
116.10984802,0.01642630
116.15753174,0.00468428
116.20521545,0.00152146
116.25289917,0.00099745
116.30058289,0.00086204
116.34826660,0.00105789
116.39595032,0.00184595
116.44363403,0.00223642
116.49131775,0.00495205
116.53900146,0.01035512
116.58668518,0.01246524
116.63436890,0.01222903
116.68205261,0.01091164
116.72973633,0.00601797
116.77742004,0.00208575
116.82510376,0.00182749
116.87278748,0.00117319
116.92047119,0.00054405
116.96815491,0.00105786
117.01583862,0.00193664
117.06352234,0.00217417
117.11120605,0.00308085
117.15888977,0.00500311
117.20657349,0.00552213
117.25425720,0.00537606
117.30194092,0.00520702
117.34962463,0.00427694
117.39730835,0.00386306
117.44499207,0.00360359
117.49267578,0.00225086
117.54035950,0.00101591
117.58804321,0.00126113
117.63572693,0.00192680
117.68341064,0.00214555
117.73109436,0.00258255
117.77877808,0.00348833
117.82646179,0.00378767
117.87414551,0.00665236
117.92182922,0.01393068
117.96951294,0.01735468
118.01719666,0.01761639
118.06488037,0.01633604
118.11256409,0.00956146
118.16024780,0.00306570
118.20793152,0.00188268
118.25561523,0.00215533
118.30329895,0.00201929
118.35098267,0.00230590
118.39866638,0.00287717
118.44635010,0.00295198
118.49403381,0.00427885
118.54171753,0.00712287
118.58940125,0.00803344
118.63708496,0.00780454
118.68476868,0.00684178
118.73245239,0.00355950
118.78013611,0.00077899
118.82781982,0.00113285
118.87550354,0.00155433
118.92318726,0.00157028
118.97087097,0.00193438
119.01855469,0.00241440
119.06623840,0.00235120
119.11392212,0.00287415
119.16160583,0.00380561
119.20928955,0.00377650
119.25697327,0.00351850
119.30465698,0.00284283
119.35234070,0.00125170
119.40002441,0.00048172
119.44770813,0.00127941
119.49539185,0.00168977
119.54307556,0.00171120
119.59075928,0.00201897
119.63844299,0.00213547
119.68612671,0.00197541
119.73381042,0.00220710
119.78149414,0.00246450
119.82917786,0.00213417
119.87686157,0.00193373
119.92454529,0.00153655
119.97222900,0.00047778
120.01991272,0.00099995
120.06759644,0.00216252
120.11528015,0.00274664
120.16296387,0.00273891
120.21064758,0.00273500
120.25833130,0.00249292
120.30601501,0.00214606
120.35369873,0.00224051
120.40138245,0.00220041
120.44906616,0.00193042
120.49674988,0.00201289
120.54443359,0.00172849
120.59211731,0.00071939
120.63980103,0.00069890
120.68748474,0.00200925
120.73516846,0.00263505
120.78285217,0.00268376
120.83053589,0.00262391
120.87821960,0.00212472
120.92590332,0.00171205
120.97358704,0.00204462
121.02127075,0.00206967
121.06895447,0.00170260
121.11663818,0.00185528
121.16432190,0.00173386
121.21200562,0.00101484
121.25968933,0.00130224
121.30737305,0.00337533
121.35505676,0.00436654
121.40274048,0.00450937
121.45042419,0.00446448
121.49810791,0.00323207
121.54579163,0.00244391
121.59347534,0.00271524
121.64115906,0.00240886
121.68884277,0.00176603
121.73652649,0.00162388
121.78421021,0.00133471
121.83189392,0.00053903
121.87957764,0.00610507
121.92726135,0.01389316
121.97494507,0.01683489
122.02262878,0.01711519
122.07031250,0.01543877
122.11799622,0.00854756
122.16567993,0.00366662
122.21336365,0.00343669
122.26104736,0.00269435
122.30873108,0.00191807
122.35641479,0.00186477
122.40409851,0.00144758
122.45178223,0.00119881
122.49946594,0.00328780
122.54714966,0.00652654
122.59483337,0.00756121
122.64251709,0.00766667
122.69020081,0.00711625
122.73788452,0.00498293
122.78556824,0.00413795
122.83325195,0.00399011
122.88093567,0.00288595
122.92861938,0.00189933
122.97630310,0.00167273
123.02398682,0.00103846
123.07167053,0.00040867
123.11935425,0.00113323
123.16703796,0.00240599
123.21472168,0.00288010
123.26240540,0.00386547
123.31008911,0.00612887
123.35777283,0.00696853
123.40545654,0.00699865
123.45314026,0.00649560
123.50082397,0.00408780
123.54850769,0.00236981
123.59619141,0.00221719
123.64387512,0.00157536
123.69155884,0.00088356
123.73924255,0.00126256
123.78692627,0.00186926
123.83460999,0.00238123
123.88229370,0.01081826
123.92997742,0.02290350
123.97766113,0.02713012
124.02534485,0.02740380
124.07302856,0.02405491
124.12071228,0.01234859
124.16839600,0.00372440
124.21607971,0.00282365
124.26376343,0.00187074
124.31144714,0.00103467
124.35913086,0.00111959
124.40681458,0.00158149
124.45449829,0.00204487
124.50218201,0.00581731
124.54986572,0.01116494
124.59754944,0.01267281
124.64523315,0.01272485
124.69291687,0.01095899
124.74060059,0.00589679
124.78828430,0.00367066
124.83596802,0.00342005
124.88365173,0.00213405
124.93133545,0.00113790
124.97901917,0.00128496
125.02670288,0.00153168
125.07438660,0.00176852
125.12207031,0.00313973
125.16975403,0.00496598
125.21743774,0.00540058
125.26512146,0.00587759
125.31280518,0.00697779
125.36048889,0.00696527
125.40817261,0.00683835
125.45585632,0.00611070
125.50354004,0.00337157
125.55122375,0.00132747
125.59890747,0.00126106
125.64659119,0.00122977
125.69427490,0.00129755
125.74195862,0.00218307
125.78964233,0.00313363
125.83732605,0.00375009
125.88500977,0.01160548
125.93269348,0.02297362
125.98037720,0.02655146
126.02806091,0.02667869
126.07574463,0.02278676
126.12342834,0.01087206
126.17111206,0.00240736
126.21879578,0.00139546
126.26647949,0.00089619
126.31416321,0.00075039
126.36184692,0.00157069
126.40953064,0.00236401
126.45721436,0.00279728
126.50489807,0.00661311
126.55258179,0.01158138
126.60026550,0.01267102
126.64794922,0.01267982
126.69563293,0.01062798
126.74331665,0.00506287
126.79100037,0.00197703
126.83868408,0.00180437
126.88636780,0.00128151
126.93405151,0.00103487
126.98173523,0.00159245
127.02941895,0.00218745
127.07710266,0.00240774
127.12478638,0.00379235
127.17247009,0.00548742
127.22015381,0.00572386
127.26783752,0.00575155
127.31552124,0.00538639
127.36320496,0.00423498
127.41088867,0.00391706
127.45857239,0.00333179
127.50625610,0.00163801
127.55393982,0.00078312
127.60162354,0.00129297
127.64930725,0.00177293
127.69699097,0.00187857
127.74467468,0.00267093
127.79235840,0.00366630
127.84004211,0.00392616
127.88772583,0.00745449
127.93540955,0.01382827
127.98309326,0.01584547
128.03077698,0.01604876
128.07846069,0.01353842
128.12614441,0.00623173
128.17382813,0.00130173
128.22151184,0.00105753
128.26919556,0.00146638
128.31687927,0.00160293
128.36456299,0.00225579
128.41224670,0.00274648
128.45993042,0.00277366
128.50761414,0.00494875
128.55529785,0.00783250
128.60298157,0.00838879
128.65066528,0.00835421
128.69834900,0.00673779
128.74603271,0.00281429
128.79371643,0.00051123
128.84140015,0.00148793
128.88908386,0.00195970
128.93676758,0.00195713
128.98445129,0.00221020
129.03213501,0.00243000
129.07981873,0.00248143
129.12750244,0.00307837
129.17518616,0.00355005
129.22286987,0.00329214
129.27055359,0.00329412
129.31823730,0.00266634
129.36592102,0.00108449
129.41360474,0.00052671
129.46128845,0.00144872
129.50897217,0.00189647
129.55665588,0.00205331
129.60433960,0.00245635
129.65202332,0.00250842
129.69970703,0.00232240
129.74739075,0.00262955
129.79507446,0.00292981
129.84275818,0.00296681
129.89044189,0.00294457
129.93812561,0.00214397
129.98580933,0.00087143
130.03349304,0.00115857
130.08117676,0.00210172
130.12886047,0.00228357
130.17654419,0.00205006
130.22422791,0.00203477
130.27191162,0.00195983
130.31959534,0.00200825
130.36727905,0.00241624
130.41496277,0.00230076
130.46264648,0.00195350
130.51033020,0.00186904
130.55801392,0.00129261
130.60569763,0.00048117
130.65338135,0.00138040
130.70106506,0.00265854
130.74874878,0.00304514
130.79643250,0.00311880
130.84411621,0.00318924
130.89179993,0.00270139
130.93948364,0.00238725
130.98716736,0.00251630
131.03485107,0.00231127
131.08253479,0.00204796
131.13021851,0.00190876
131.17790222,0.00129040
131.22558594,0.00067868
131.27326965,0.00228578
131.32095337,0.00400024
131.36863708,0.00440655
131.41632080,0.00457404
131.46400452,0.00438174
131.51168823,0.00310745
131.55937195,0.00236481
131.60705566,0.00221031
131.65473938,0.00175118
131.70242310,0.00156812
131.75010681,0.00152639
131.79779053,0.00084604
131.84547424,0.00205921
131.89315796,0.00861324
131.94084167,0.01505957
131.98852539,0.01649049
132.03620911,0.01643207
132.08389282,0.01335269
132.13157654,0.00635953
132.17926025,0.00320887
132.22694397,0.00304521
132.27462769,0.00225681
132.32231140,0.00161551
132.36999512,0.00135902
132.41767883,0.00076178
132.46536255,0.00121224
132.51304626,0.00447162
132.56072998,0.00767599
132.60841370,0.00834584
132.65609741,0.00833799
132.70378113,0.00703364
132.75146484,0.00456515
132.79914856,0.00397903
132.84683228,0.00355208
132.89451599,0.00230793
132.94219971,0.00178304
132.98988342,0.00158397
133.03756714,0.00095406
133.08525085,0.00055716
133.13293457,0.00146828
133.18061829,0.00260463
133.22830200,0.00303834
133.27598572,0.00443311
133.32366943,0.00629421
133.37135315,0.00653544
133.41903687,0.00650027
133.46672058,0.00558816
133.51440430,0.00316995
133.56208801,0.00224765
133.60977173,0.00201605
133.65745544,0.00132865
133.70513916,0.00106972
133.75282288,0.00126008
133.80050659,0.00138546
133.84819031,0.00343801
133.89587402,0.01380581
133.94355774,0.02366646
133.99124146,0.02578049
134.03892517,0.02566785
134.08660889,0.02017424
134.13429260,0.00876415
134.18197632,0.00321025
134.22966003,0.00239773
134.27734375,0.00120246
134.32502747,0.00087076
134.37271118,0.00116476
134.42039490,0.00153236
134.46807861,0.00297013
134.51576233,0.00808324
134.56344604,0.01252320
134.61112976,0.01308314
134.65881348,0.01285407
134.70649719,0.00997807
134.75418091,0.00507135
134.80186462,0.00374255
134.84954834,0.00300170
134.89723206,0.00142880
134.94491577,0.00073831
134.99259949,0.00077834
135.04028320,0.00102764
135.08796692,0.00149220
135.13565063,0.00325224
135.18333435,0.00483681
135.23101807,0.00508134
135.27870178,0.00569528
135.32638550,0.00632933
135.37406921,0.00624043
135.42175293,0.00644262
135.46943665,0.00533719
135.51712036,0.00243763
135.56480408,0.00085561
135.61248779,0.00059335
135.66017151,0.00029668
135.70785522,0.00052456
135.75553894,0.00195243
135.80322266,0.00292006
135.85090637,0.00480658
135.89859009,0.01451279
135.94627380,0.02350108
135.99395752,0.02513953
136.04164124,0.02489780
136.08932495,0.01898026
136.13700867,0.00763730
136.18469238,0.00211861
136.23237610,0.00144195
136.28005981,0.00103320
136.32774353,0.00112696
136.37542725,0.00199650
136.42311096,0.00266473
136.47079468,0.00362554
136.51847839,0.00877536
136.56616211,0.01317605
136.61384583,0.01370452
136.66152954,0.01342411
136.70921326,0.00986634
136.75689697,0.00390452
136.80458069,0.00184582
136.85226440,0.00149627
136.89994812,0.00081544
136.94763184,0.00092679
136.99531555,0.00187563
137.04299927,0.00245908
137.09068298,0.00286821
137.13836670,0.00428034
137.18605042,0.00536049
137.23373413,0.00545649
137.28141785,0.00559744
137.32910156,0.00476948
137.37678528,0.00350949
137.42446899,0.00337038
137.47215271,0.00278587
137.51983643,0.00137225
137.56752014,0.00100041
137.61520386,0.00148751
137.66288757,0.00166312
137.71057129,0.00180269
137.75825500,0.00275907
137.80593872,0.00331135
137.85362244,0.00394604
137.90130615,0.00914077
137.94898987,0.01414315
137.99667358,0.01507434
138.04435730,0.01495557
138.09204102,0.01116905
138.13972473,0.00446089
138.18740845,0.00156541
138.23509216,0.00181384
138.28277588,0.00194459
138.33045959,0.00198065
138.37814331,0.00267129
138.42582703,0.00319037
138.47351074,0.00378088
138.52119446,0.00658892
138.56887817,0.00885628
138.61656189,0.00902158
138.66424561,0.00885312
138.71192932,0.00641619
138.75961304,0.00242221
138.80729675,0.00097821
138.85498047,0.00165855
138.90266418,0.00190074
138.95034790,0.00210494
138.99803162,0.00270561
139.04571533,0.00282182
139.09339905,0.00280080
139.14108276,0.00331584
139.18876648,0.00366447
139.23645020,0.00368503
139.28413391,0.00370274
139.33181763,0.00271347
139.37950134,0.00101778
139.42718506,0.00070930
139.47486877,0.00154795
139.52255249,0.00175953
139.57023621,0.00191486
139.61791992,0.00218395
139.66560364,0.00205626
139.71328735,0.00215349
139.76097107,0.00264870
139.80865479,0.00260622
139.85633850,0.00229753
139.90402222,0.00209895
139.95170593,0.00117998
139.99938965,0.00015508
140.04707336,0.00104979
140.09475708,0.00174328
140.14244080,0.00190559
140.19012451,0.00228062
140.23780823,0.00266932
140.28549194,0.00253302
140.33317566,0.00246948
140.38085938,0.00249670
140.42854309,0.00222757
140.47622681,0.00212536
140.52391052,0.00202511
140.57159424,0.00128894
140.61927795,0.00056522
140.66696167,0.00147135
140.71464539,0.00258337
140.76232910,0.00286787
140.81001282,0.00302508
140.85769653,0.00291163
140.90538025,0.00239605
140.95306396,0.00259662
141.00074768,0.00301355
141.04843140,0.00289383
141.09611511,0.00273875
141.14379883,0.00243679
141.19148254,0.00145672
141.23916626,0.00051512
141.28684998,0.00259803
141.33453369,0.00426177
141.38221741,0.00451022
141.42990112,0.00449535
141.47758484,0.00386658
141.52526855,0.00271804
141.57295227,0.00260529
141.62063599,0.00251370
141.66831970,0.00188808
141.71600342,0.00167329
141.76368713,0.00146393
141.81137085,0.00048553
141.85905457,0.00279410
141.90673828,0.00953055
141.95442200,0.01419934
142.00210571,0.01470377
142.04978943,0.01439576
142.09747314,0.01019192
142.14515686,0.00397577
142.19284058,0.00276216
142.24052429,0.00258423
142.28820801,0.00191662
142.33589172,0.00167030
142.38357544,0.00132134
142.43125916,0.00093582
142.47894287,0.00199538
142.52662659,0.00554499
142.57431030,0.00796583
142.62199402,0.00820347
142.66967773,0.00800896
142.71736145,0.00623123
142.76504517,0.00442400
142.81272888,0.00426722
142.86041260,0.00353359
142.90809631,0.00212232
142.95578003,0.00178412
143.00346375,0.00148816
143.05114746,0.00090397
143.09883118,0.00095273
143.14651489,0.00219235
143.19419861,0.00293072
143.24188232,0.00311811
143.28956604,0.00474468
143.33724976,0.00631842
143.38493347,0.00666945
143.43261719,0.00678272
143.48030090,0.00525349
143.52798462,0.00283274
143.57566833,0.00222383
143.62335205,0.00171307
143.67103577,0.00071122
143.71871948,0.00061396
143.76640320,0.00152555
143.81408691,0.00223301
143.86177063,0.00583700
143.90945435,0.01610594
143.95713806,0.02294047
144.00482178,0.02352479
144.05250549,0.02269691
144.10018921,0.01535173
144.14787292,0.00544880
144.19555664,0.00321770
144.24324036,0.00260142
144.29092407,0.00145938
144.33860779,0.00102636
144.38629150,0.00133056
144.43397522,0.00155727
144.48165894,0.00365223
144.52934265,0.00992692
144.57702637,0.01362353
144.62471008,0.01378047
144.67239380,0.01300189
144.72007751,0.00854814
144.76776123,0.00415104
144.81544495,0.00379610
144.86312866,0.00276325
144.91081238,0.00095334
144.95849609,0.00054603
145.00617981,0.00047529
145.05386353,0.00037232
145.10154724,0.00152975
145.14923096,0.00408281
145.19691467,0.00535320
145.24459839,0.00549370
145.29228210,0.00632117
145.33996582,0.00662195
145.38764954,0.00631146
145.43533325,0.00611410
145.48301697,0.00425665
145.53070068,0.00164932
145.57838440,0.00104804
145.62606812,0.00115001
145.67375183,0.00132521
145.72143555,0.00174105
145.76911926,0.00299178
145.81680298,0.00376780
145.86448669,0.00694789
145.91217041,0.01664809
145.95985413,0.02270916
146.00753784,0.02310946
146.05522156,0.02213133
146.10290527,0.01438221
146.15058899,0.00438333
146.19827271,0.00139974
146.24595642,0.00092763
146.29364014,0.00049404
146.34132385,0.00105430
146.38900757,0.00229465
146.43669128,0.00279466
146.48437500,0.00459900
146.53205872,0.01046560
146.57974243,0.01383601
146.62742615,0.01397664
146.67510986,0.01296450
146.72279358,0.00786063
146.77047729,0.00258842
146.81816101,0.00223710
146.86584473,0.00180540
146.91352844,0.00101252
146.96121216,0.00102094
147.00889587,0.00164213
147.05657959,0.00195368
147.10426331,0.00291176
147.15194702,0.00508686
147.19963074,0.00601878
147.24731445,0.00599665
147.29499817,0.00591752
147.34268188,0.00468978
147.39036560,0.00375382
147.43804932,0.00348490
147.48573303,0.00240328
147.53341675,0.00122548
147.58110046,0.00144609
147.62878418,0.00232519
147.67646790,0.00260430
147.72415161,0.00274864
147.77183533,0.00364754
147.81951904,0.00409710
147.86720276,0.00571981
147.91488647,0.01083793
147.96257019,0.01379643
148.01025391,0.01380537
148.05793762,0.01303020
148.10562134,0.00820841
148.15330505,0.00252334
148.20098877,0.00110236
148.24867249,0.00155467
148.29635620,0.00185022
148.34403992,0.00255947
148.39172363,0.00344481
148.43940735,0.00342648
148.48709106,0.00386576
148.53477478,0.00708701
148.58245850,0.00892775
148.63014221,0.00906335
148.67782593,0.00846471
148.72550964,0.00509990
148.77319336,0.00140974
148.82087708,0.00096400
148.86856079,0.00158394
148.91624451,0.00171843
148.96392822,0.00198490
149.01161194,0.00236464
149.05929565,0.00229027
149.10697937,0.00272862
149.15466309,0.00396570
149.20234680,0.00440390
149.25003052,0.00429913
149.29771423,0.00381939
149.34539795,0.00215877
149.39308167,0.00039038
149.44076538,0.00094569
149.48844910,0.00163795
149.53613281,0.00178319
149.58381653,0.00216794
149.63150024,0.00263982
149.67918396,0.00265758
149.72686768,0.00284555
149.77455139,0.00321259
149.82223511,0.00301543
149.86991882,0.00280608
149.91760254,0.00248216
149.96528625,0.00140955
150.01296997,0.00063794
150.06065369,0.00153695
150.10833740,0.00220782
150.15602112,0.00224906
150.20370483,0.00244765
150.25138855,0.00238980
150.29907227,0.00221455
150.34675598,0.00268092
150.39443970,0.00297280
150.44212341,0.00253679
150.48980713,0.00197623
150.53749084,0.00123314
150.58517456,0.00051493
150.63285828,0.00148102
150.68054199,0.00270717
150.72822571,0.00324203
150.77590942,0.00311440
150.82359314,0.00323637
150.87127686,0.00307705
150.91896057,0.00273929
150.96664429,0.00271635
151.01432800,0.00253015
151.06201172,0.00208750
151.10969543,0.00190440
151.15737915,0.00164633
151.20506287,0.00104316
151.25274658,0.00158838
151.30043030,0.00346193
151.34811401,0.00447503
151.39579773,0.00461404
151.44348145,0.00467750
151.49116516,0.00379173
151.53884888,0.00281603
151.58653259,0.00287853
151.63421631,0.00286232
151.68190002,0.00240472
151.72958374,0.00234367
151.77726746,0.00207519
151.82495117,0.00082886
151.87263489,0.00346917
151.92031860,0.01032505
151.96800232,0.01388701
152.01568604,0.01440360
152.06336975,0.01370805
152.11105347,0.00867820
152.15873718,0.00361781
152.20642090,0.00298223
152.25410461,0.00249528
152.30178833,0.00180894
152.34947205,0.00173520
152.39715576,0.00133449
152.44483948,0.00093649
152.49252319,0.00276456
152.54020691,0.00643162
152.58789063,0.00800061
152.63557434,0.00822806
152.68325806,0.00797438
152.73094177,0.00566281
152.77862549,0.00419641
152.82630920,0.00415624
152.87399292,0.00335330
152.92167664,0.00243986
152.96936035,0.00223552
153.01704407,0.00171705
153.06472778,0.00091534
153.11241150,0.00118876
153.16009521,0.00226234
153.20777893,0.00264855
153.25546265,0.00325944
153.30314636,0.00546269
153.35083008,0.00650309
153.39851379,0.00648834
153.44619751,0.00628037
153.49388123,0.00443308
153.54156494,0.00288297
153.58924866,0.00263831
153.63693237,0.00197122
153.68461609,0.00118397
153.73229980,0.00144953
153.77998352,0.00205977
153.82766724,0.00197913
153.87535095,0.00718691
153.92303467,0.01745861
153.97071838,0.02221686
154.01840210,0.02272812
154.06608582,0.02101680
154.11376953,0.01224712
154.16145325,0.00404700
154.20913696,0.00286500
154.25682068,0.00213953
154.30450439,0.00111017
154.35218811,0.00100071
154.39987183,0.00133109
154.44755554,0.00165522
154.49523926,0.00534335
154.54292297,0.01173480
154.59060669,0.01414091
154.63829041,0.01431767
154.68597412,0.01310703
154.73365784,0.00783899
154.78134155,0.00425759
154.82902527,0.00364424
154.87670898,0.00226809
154.92439270,0.00103757
154.97207642,0.00083418
155.01976013,0.00085324
155.06744385,0.00099626
155.11512756,0.00236825
155.16281128,0.00457447
155.21049500,0.00523883
155.25817871,0.00543524
155.30586243,0.00634468
155.35354614,0.00629807
155.40122986,0.00604923
155.44891357,0.00565344
155.49659729,0.00335878
155.54428101,0.00130033
155.59196472,0.00106761
155.63964844,0.00093603
155.68733215,0.00086442
155.73501587,0.00191307
155.78269958,0.00338421
155.83038330,0.00379666
155.87806702,0.00813088
155.92575073,0.01765263
155.97343445,0.02177201
156.02111816,0.02205882
156.06880188,0.01988788
156.11648560,0.01086293
156.16416931,0.00287186
156.21185303,0.00155210
156.25953674,0.00111387
156.30722046,0.00079259
156.35490417,0.00134529
156.40258789,0.00212271
156.45027161,0.00249938
156.49795532,0.00642888
156.54563904,0.01268856
156.59332275,0.01471723
156.64100647,0.01461690
156.68869019,0.01276296
156.73637390,0.00666500
156.78405762,0.00241263
156.83174133,0.00196224
156.87942505,0.00106992
156.92710876,0.00032254
156.97479248,0.00083246
157.02247620,0.00169434
157.07015991,0.00222938
157.11784363,0.00363691
157.16552734,0.00551887
157.21321106,0.00587554
157.26089478,0.00577161
157.30857849,0.00529303
157.35626221,0.00377471
157.40394592,0.00328293
157.45162964,0.00318857
157.49931335,0.00205553
157.54699707,0.00118250
157.59468079,0.00156499
157.64236450,0.00202631
157.69004822,0.00203102
157.73773193,0.00273090
157.78541565,0.00380213
157.83309937,0.00395526
157.88078308,0.00598956
157.92846680,0.01109177
157.97615051,0.01310357
158.02383423,0.01333177
158.07151794,0.01202253
158.11920166,0.00654290
158.16688538,0.00208876
158.21456909,0.00155019
158.26225281,0.00182328
158.30993652,0.00182174
158.35762024,0.00245001
158.40530396,0.00315634
158.45298767,0.00324669
158.50067139,0.00507443
158.54835510,0.00848228
158.59603882,0.00944478
158.64372253,0.00945453
158.69140625,0.00837572
158.73908997,0.00443502
158.78677368,0.00108734
158.83445740,0.00057889
158.88214111,0.00106933
158.92982483,0.00132033
158.97750854,0.00190494
159.02519226,0.00233271
159.07287598,0.00237269
159.12055969,0.00314692
159.16824341,0.00417232
159.21592712,0.00427451
159.26361084,0.00415512
159.31129456,0.00343928
159.35897827,0.00179474
159.40666199,0.00110291
159.45434570,0.00179348
159.50202942,0.00224764
159.54971313,0.00225366
159.59739685,0.00231617
159.64508057,0.00216777
159.69276428,0.00173608
159.74044800,0.00209652
159.78813171,0.00269120
159.83581543,0.00279298
159.88349915,0.00285137
159.93118286,0.00225394
159.97886658,0.00079343
160.02655029,0.00069473
160.07423401,0.00202835
160.12191772,0.00269183
160.16960144,0.00275338
160.21728516,0.00283776
160.26496887,0.00262713
160.31265259,0.00242874
160.36033630,0.00276204
160.40802002,0.00283170
160.45570374,0.00245014
160.50338745,0.00220574
160.55107117,0.00164435
160.59875488,0.00063756
160.64643860,0.00107937
160.69412231,0.00227814
160.74180603,0.00262173
160.78948975,0.00259320
160.83717346,0.00271557
160.88485718,0.00239947
160.93254089,0.00222068
160.98022461,0.00252658
161.02790833,0.00244095
161.07559204,0.00218222
161.12327576,0.00224437
161.17095947,0.00184731
161.21864319,0.00088953
161.26632690,0.00164302
161.31401062,0.00374989
161.36169434,0.00464781
161.40937805,0.00492376
161.45706177,0.00474282
161.50474548,0.00334916
161.55242920,0.00257018
161.60011292,0.00264167
161.64779663,0.00235090
161.69548035,0.00195156
161.74316406,0.00188062
161.79084778,0.00132358
161.83853149,0.00051404
161.88621521,0.00536508
161.93389893,0.01108872
161.98158264,0.01294875
162.02926636,0.01314175
162.07695007,0.01156649
162.12463379,0.00630209
162.17231750,0.00302639
162.22000122,0.00271210
162.26768494,0.00207297
162.31536865,0.00184281
162.36305237,0.00189822
162.41073608,0.00140864
162.45841980,0.00152778
162.50610352,0.00461754
162.55378723,0.00823586
162.60147095,0.00907733
162.64915466,0.00893134
162.69683838,0.00756441
162.74452209,0.00462435
162.79220581,0.00371746
162.83988953,0.00347443
162.88757324,0.00234570
162.93525696,0.00192527
162.98294067,0.00194921
163.03062439,0.00137580
163.07830811,0.00097494
163.12599182,0.00177237
163.17367554,0.00280977
163.22135925,0.00294382
163.26904297,0.00404525
163.31672668,0.00626076
163.36441040,0.00703511
163.41209412,0.00716720
163.45977783,0.00638100
163.50746155,0.00382815
163.55514526,0.00230079
163.60282898,0.00203594
163.65051270,0.00145628
163.69819641,0.00104367
163.74588013,0.00141908
163.79356384,0.00181071
163.84124756,0.00214629
163.88893127,0.00925205
163.93661499,0.01798378
163.98429871,0.02058199
164.03198242,0.02080610
164.07966614,0.01763546
164.12734985,0.00862066
164.17503357,0.00299054
164.22271729,0.00241787
164.27040100,0.00144659
164.31808472,0.00088468
164.36576843,0.00113250
164.41345215,0.00137015
164.46113586,0.00209893
164.50881958,0.00743215
164.55650330,0.01330700
164.60418701,0.01461377
164.65187073,0.01451600
164.69955444,0.01186258
164.74723816,0.00605468
164.79492188,0.00398811
164.84260559,0.00360262
164.89028931,0.00209526
164.93797302,0.00116282
164.98565674,0.00115513
165.03334045,0.00121081
165.08102417,0.00144781
165.12870789,0.00327365
165.17639160,0.00516764
165.22407532,0.00542405
165.27175903,0.00572860
165.31944275,0.00643204
165.36712646,0.00630000
165.41481018,0.00631515
165.46249390,0.00532111
165.51017761,0.00257018
165.55786133,0.00117825
165.60554504,0.00094259
165.65322876,0.00068278
165.70091248,0.00096078
165.74859619,0.00241221
165.79627991,0.00365928
165.84396362,0.00419005
165.89164734,0.01014050
165.93933105,0.01808462
165.98701477,0.02013952
166.03469849,0.02014465
166.08238220,0.01639191
166.13006592,0.00708563
166.17774963,0.00145168
166.22543335,0.00097777
166.27311707,0.00061833
166.32080078,0.00072146
166.36848450,0.00176284
166.41616821,0.00251911
166.46385193,0.00348958
166.51153564,0.00905810
166.55921936,0.01466299
166.60690308,0.01552555
166.65458679,0.01514974
166.70227051,0.01176714
166.74995422,0.00497253
166.79763794,0.00199538
166.84532166,0.00159008
166.89300537,0.00065165
166.94068909,0.00037418
166.98837280,0.00117044
167.03605652,0.00186953
167.08374023,0.00228036
167.13142395,0.00408243
167.17910767,0.00570180
167.22679138,0.00579322
167.27447510,0.00566527
167.32215881,0.00481127
167.36984253,0.00370555
167.41752625,0.00388473
167.46520996,0.00346292
167.51289368,0.00194446
167.56057739,0.00119513
167.60826111,0.00155760
167.65594482,0.00177661
167.70362854,0.00193775
167.75131226,0.00306145
167.79899597,0.00397048
167.84667969,0.00418056
167.89436340,0.00691159
167.94204712,0.01087931
167.98973083,0.01172231
168.03741455,0.01178431
168.08509827,0.00958351
168.13278198,0.00423446
168.18046570,0.00153903
168.22814941,0.00187310
168.27583313,0.00209769
168.32351685,0.00207343
168.37120056,0.00269158
168.41888428,0.00312861
168.46656799,0.00326174
168.51425171,0.00612598
168.56193542,0.00915198
168.60961914,0.00948305
168.65730286,0.00921652
168.70498657,0.00685104
168.75267029,0.00235318
168.80035400,0.00053663
168.84803772,0.00164397
168.89572144,0.00200267
168.94340515,0.00213410
168.99108887,0.00262464
169.03877258,0.00269907
169.08645630,0.00254152
169.13414001,0.00325155
169.18182373,0.00383734
169.22950745,0.00379905
169.27719116,0.00375714
169.32487488,0.00277193
169.37255859,0.00107038
169.42024231,0.00066053
169.46792603,0.00154096
169.51560974,0.00191894
169.56329346,0.00214666
169.61097717,0.00246106
169.65866089,0.00221549
169.70634460,0.00201465
169.75402832,0.00245051
169.80171204,0.00266086
169.84939575,0.00254813
169.89707947,0.00250917
169.94476318,0.00176558
169.99244690,0.00067282
170.04013062,0.00120261
170.08781433,0.00213585
170.13549805,0.00240471
170.18318176,0.00235883
170.23086548,0.00227615
170.27854919,0.00186727
170.32623291,0.00193293
170.37391663,0.00263671
170.42160034,0.00276243
170.46928406,0.00255277
170.51696777,0.00237743
170.56465149,0.00146651
170.61233521,0.00052461
170.66001892,0.00153263
170.70770264,0.00267899
170.75538635,0.00301142
170.80307007,0.00315109
170.85075378,0.00325620
170.89843750,0.00271896
170.94612122,0.00227216
170.99380493,0.00222394
171.04148865,0.00190123
171.08917236,0.00193042
171.13685608,0.00206668
171.18453979,0.00136087
171.23222351,0.00062617
171.27990723,0.00237292
171.32759094,0.00426198
171.37527466,0.00472844
171.42295837,0.00476561
171.47064209,0.00447993
171.51832581,0.00340356
171.56600952,0.00288812
171.61369324,0.00259991
171.66137695,0.00165381
171.70906067,0.00130365
171.75674438,0.00150445
171.80442810,0.00122166
171.85211182,0.00198591
171.89979553,0.00733889
171.94747925,0.01210909
171.99516296,0.01304328
172.04284668,0.01310484
172.09053040,0.01043282
172.13821411,0.00532486
172.18589783,0.00355215
172.23358154,0.00312395
172.28126526,0.00207281
172.32894897,0.00166559
172.37663269,0.00170136
172.42431641,0.00131984
172.47200012,0.00229334
172.51968384,0.00622317
172.56736755,0.00931984
172.61505127,0.00958777
172.66273499,0.00935804
172.71041870,0.00727137
172.75810242,0.00418912
172.80578613,0.00365581
172.85346985,0.00336827
172.90115356,0.00239700
172.94883728,0.00207508
172.99652100,0.00190169
173.04420471,0.00120083
173.09188843,0.00109275
173.13957214,0.00212716
173.18725586,0.00292364
173.23493958,0.00292497
173.28262329,0.00417089
173.33030701,0.00600278
173.37799072,0.00643610
173.42567444,0.00663872
173.47335815,0.00561922
173.52104187,0.00320654
173.56872559,0.00216024
173.61640930,0.00173688
173.66409302,0.00078474
173.71177673,0.00042552
173.75946045,0.00123973
173.80714417,0.00188892
173.85482788,0.00398053
173.90251160,0.01209393
173.95019531,0.01886754
173.99787903,0.01999118
174.04556274,0.01971457
174.09324646,0.01468353
174.14093018,0.00611912
174.18861389,0.00289084
174.23629761,0.00228131
174.28398132,0.00108985
174.33166504,0.00056740
174.37934875,0.00087975
174.42703247,0.00115654
174.47471619,0.00317766
174.52239990,0.00978974
174.57008362,0.01472691
174.61776733,0.01538463
174.66545105,0.01512053
174.71313477,0.01104949
174.76081848,0.00517491
174.80850220,0.00377284
174.85618591,0.00314712
174.90386963,0.00179487
174.95155334,0.00123244
174.99923706,0.00147511
175.04692078,0.00158898
175.09460449,0.00195195
175.14228821,0.00412254
175.18997192,0.00566793
175.23765564,0.00587887
175.28533936,0.00653886
175.33302307,0.00689851
175.38070679,0.00652702
175.42839050,0.00638863
175.47607422,0.00494528
175.52375793,0.00231963
175.57144165,0.00137457
175.61912537,0.00112795
175.66680908,0.00088830
175.71449280,0.00110658
175.76217651,0.00220143
175.80986023,0.00302080
175.85754395,0.00489806
175.90522766,0.01260671
175.95291138,0.01872091
176.00059509,0.01951119
176.04827881,0.01907120
176.09596252,0.01364780
176.14364624,0.00512468
176.19132996,0.00202693
176.23901367,0.00173676
176.28669739,0.00139718
176.33438110,0.00147115
176.38206482,0.00210525
176.42974854,0.00238657
176.47743225,0.00403416
176.52511597,0.01067484
176.57279968,0.01525791
176.62048340,0.01562396
176.66816711,0.01504742
176.71585083,0.01025987
176.76353455,0.00362183
176.81121826,0.00179427
176.85890198,0.00144149
176.90658569,0.00076186
176.95426941,0.00088365
177.00195313,0.00183025
177.04963684,0.00228986
177.09732056,0.00278067
177.14500427,0.00474310
177.19268799,0.00597876
177.24037170,0.00600311
177.28805542,0.00592001
177.33573914,0.00475558
177.38342285,0.00359740
177.43110657,0.00348936
177.47879028,0.00263233
177.52647400,0.00118738
177.57415771,0.00107105
177.62184143,0.00195031
177.66952515,0.00242947
177.71720886,0.00293331
177.76489258,0.00399565
177.81257629,0.00433509
177.86026001,0.00475587
177.90794373,0.00832151
177.95562744,0.01123608
178.00331116,0.01141555
178.05099487,0.01095549
178.09867859,0.00751203
178.14636230,0.00261237
178.19404602,0.00123288
178.24172974,0.00197042
178.28941345,0.00224013
178.33709717,0.00229089
178.38478088,0.00274382
178.43246460,0.00278742
178.48014832,0.00352804
178.52783203,0.00723404
178.57551575,0.00959601
178.62319946,0.00970878
178.67088318,0.00939622
178.71856689,0.00631917
178.76625061,0.00206528
178.81393433,0.00072415
178.86161804,0.00121559
178.90930176,0.00139200
178.95698547,0.00172109
179.00466919,0.00235806
179.05235291,0.00242952
179.10003662,0.00253966
179.14772034,0.00350625
179.19540405,0.00406856
179.24308777,0.00418035
179.29077148,0.00408547
179.33845520,0.00273944
179.38613892,0.00090917
179.43382263,0.00051083
179.48150635,0.00139072
179.52919006,0.00171587
179.57687378,0.00194438
179.62455750,0.00227456
179.67224121,0.00224640
179.71992493,0.00244086
179.76760864,0.00286259
179.81529236,0.00273864
179.86297607,0.00254275
179.91065979,0.00239791
179.95834351,0.00157825
180.00602722,0.00071335
180.05371094,0.00116154
180.10139465,0.00190117
180.14907837,0.00201028
180.19676208,0.00230495
180.24444580,0.00260404
180.29212952,0.00238660
180.33981323,0.00244860
180.38749695,0.00266006
180.43518066,0.00236386
180.48286438,0.00209021
180.53054810,0.00181182
180.57823181,0.00090835
180.62591553,0.00039749
180.67359924,0.00185746
180.72128296,0.00282858
180.76896667,0.00299339
180.81665039,0.00310306
180.86433411,0.00282391
180.91201782,0.00222139
180.95970154,0.00211831
181.00738525,0.00210570
181.05506897,0.00174350
181.10275269,0.00159488
181.15043640,0.00144892
181.19812012,0.00082578
181.24580383,0.00129525
181.29348755,0.00320208
181.34117126,0.00434909
181.38885498,0.00429829
181.43653870,0.00421030
181.48422241,0.00347267
181.53190613,0.00237897
181.57958984,0.00223217
181.62727356,0.00208092
181.67495728,0.00158847
181.72264099,0.00165966
181.77032471,0.00155712
181.81800842,0.00061495
181.86569214,0.00272022
181.91337585,0.00838339
181.96105957,0.01193087
182.00874329,0.01237066
182.05642700,0.01200043
182.10411072,0.00832749
182.15179443,0.00388242
182.19947815,0.00310054
182.24716187,0.00258101
182.29484558,0.00156117
182.34252930,0.00126624
182.39021301,0.00105784
182.43789673,0.00080991
182.48558044,0.00289790
182.53326416,0.00757962
182.58094788,0.01003755
182.62863159,0.01012404
182.67631531,0.00963020
182.72399902,0.00656751
182.77168274,0.00407436
182.81936646,0.00379575
182.86705017,0.00281027
182.91473389,0.00164166
182.96241760,0.00160724
183.01010132,0.00143406
183.05778503,0.00093925
183.10546875,0.00126685
183.15315247,0.00255327
183.20083618,0.00308362
183.24851990,0.00325772
183.29620361,0.00509471
183.34388733,0.00638731
183.39157104,0.00658454
183.43925476,0.00664023
183.48693848,0.00496699
183.53462219,0.00271707
183.58230591,0.00202052
183.62998962,0.00135884
183.67767334,0.00079498
183.72535706,0.00085466
183.77304077,0.00151254
183.82072449,0.00192269
183.86840820,0.00511906
183.91609192,0.01348544
183.96377563,0.01829656
184.01145935,0.01870135
184.05914307,0.01784923
184.10682678,0.01156445
184.15451050,0.00423484
184.20219421,0.00268090
184.24987793,0.00204706
184.29756165,0.00110422
184.34524536,0.00094089
184.39292908,0.00122237
184.44061279,0.00161293
184.48829651,0.00525522
184.53598022,0.01273116
184.58366394,0.01646686
184.63134766,0.01666439
184.67903137,0.01547105
184.72671509,0.00946279
184.77439880,0.00393358
184.82208252,0.00333133
184.86976624,0.00247730
184.91744995,0.00132576
184.96513367,0.00121596
185.01281738,0.00134905
185.06050110,0.00119654
185.10818481,0.00210550
185.15586853,0.00458396
185.20355225,0.00560791
185.25123596,0.00579321
185.29891968,0.00679270
185.34660339,0.00685801
185.39428711,0.00645407
185.44197083,0.00611302
185.48965454,0.00395348
185.53733826,0.00129807
185.58502197,0.00066226
185.63270569,0.00063282
185.68038940,0.00061095
185.72807312,0.00147371
185.77575684,0.00303449
185.82344055,0.00361779
185.87112427,0.00636382
185.91880798,0.01413933
185.96649170,0.01831346
186.01417542,0.01856882
186.06185913,0.01744118
186.10954285,0.01073695
186.15722656,0.00334784
186.20491028,0.00157024
186.25259399,0.00117834
186.30027771,0.00082608
186.34796143,0.00134514
186.39564514,0.00233496
186.44332886,0.00271723
186.49101257,0.00619912
186.53869629,0.01365547
186.58638000,0.01700033
186.63406372,0.01702312
186.68174744,0.01549586
186.72943115,0.00890378
186.77711487,0.00282666
186.82479858,0.00194998
186.87248230,0.00137551
186.92016602,0.00086991
186.96784973,0.00146123
187.01553345,0.00227769
187.06321716,0.00249188
187.11090088,0.00357806
187.15858459,0.00570297
187.20626831,0.00632032
187.25395203,0.00624449
187.30163574,0.00613844
187.34931946,0.00480817
187.39700317,0.00391282
187.44468689,0.00358265
187.49237061,0.00227058
187.54005432,0.00104849
187.58773804,0.00124293
187.63542175,0.00171848
187.68310547,0.00165400
187.73078918,0.00208164
187.77847290,0.00327761
187.82615662,0.00369665
187.87384033,0.00477397
187.92152405,0.00883232
187.96920776,0.01103076
188.01689148,0.01127851
188.06457520,0.01056383
188.11225891,0.00643811
188.15994263,0.00236268
188.20762634,0.00173400
188.25531006,0.00201658
188.30299377,0.00189496
188.35067749,0.00196003
188.39836121,0.00244106
188.44604492,0.00250720
188.49372864,0.00464192
188.54141235,0.00907878
188.58909607,0.01077726
188.63677979,0.01071716
188.68446350,0.00956545
188.73214722,0.00510601
188.77983093,0.00103452
188.82751465,0.00119919
188.87519836,0.00166513
188.92288208,0.00161403
188.97056580,0.00203126
189.01824951,0.00247213
189.06593323,0.00219898
189.11361694,0.00259637
189.16130066,0.00367051
189.20898438,0.00391723
189.25666809,0.00392563
189.30435181,0.00356826
189.35203552,0.00194258
189.39971924,0.00022504
189.44740295,0.00108490
189.49508667,0.00182324
189.54277039,0.00208577
189.59045410,0.00261096
189.63813782,0.00290994
189.68582153,0.00262331
189.73350525,0.00254336
189.78118896,0.00259034
189.82887268,0.00232543
189.87655640,0.00233128
189.92424011,0.00217257
189.97192383,0.00116062
190.01960754,0.00029083
190.06729126,0.00124458
190.11497498,0.00171556
190.16265869,0.00179648
190.21034241,0.00219298
190.25802612,0.00242092
190.30570984,0.00228669
190.35339355,0.00241408
190.40107727,0.00243051
190.44876099,0.00223087
190.49644470,0.00221128
190.54412842,0.00184270
190.59181213,0.00094247
190.63949585,0.00062519
190.68717957,0.00182214
190.73486328,0.00246821
190.78254700,0.00252846
190.83023071,0.00258791
190.87791443,0.00221317
190.92559814,0.00182279
190.97328186,0.00215245
191.02096558,0.00226121
191.06864929,0.00192765
191.11633301,0.00183170
191.16401672,0.00149990
191.21170044,0.00071827
191.25938416,0.00110231
191.30706787,0.00272087
191.35475159,0.00355967
191.40243530,0.00380877
191.45011902,0.00400880
191.49780273,0.00332384
191.54548645,0.00274069
191.59317017,0.00280631
191.64085388,0.00247511
191.68853760,0.00195976
191.73622131,0.00182927
191.78390503,0.00131053
191.83158875,0.00047374
191.87927246,0.00410367
191.92695618,0.00915775
191.97463989,0.01117670
192.02232361,0.01134554
192.07000732,0.01040870
192.11769104,0.00614787
192.16537476,0.00298228
192.21305847,0.00287558
192.26074219,0.00247370
192.30842590,0.00201046
192.35610962,0.00188340
192.40379333,0.00137159
192.45147705,0.00119679
192.49916077,0.00407300
192.54684448,0.00868069
192.59452820,0.01034763
192.64221191,0.01056761
192.68989563,0.00976312
192.73757935,0.00619610
192.78526306,0.00402941
192.83294678,0.00377124
192.88063049,0.00275209
192.92831421,0.00175440
192.97599792,0.00146496
193.02368164,0.00098782
193.07136536,0.00059918
193.11904907,0.00157424
193.16673279,0.00305408
193.21441650,0.00338705
193.26210022,0.00352852
193.30978394,0.00503285
193.35746765,0.00582284
193.40515137,0.00597035
193.45283508,0.00565521
193.50051880,0.00374159
193.54820251,0.00261471
193.59588623,0.00255496
193.64356995,0.00194917
193.69125366,0.00129011
193.73893738,0.00154915
193.78662109,0.00223192
193.83430481,0.00260508
193.88198853,0.00706836
193.92967224,0.01467754
193.97735596,0.01759290
194.02503967,0.01779647
194.07272339,0.01589466
194.12040710,0.00857411
194.16809082,0.00284997
194.21577454,0.00214072
194.26345825,0.00130235
194.31114197,0.00053261
194.35882568,0.00059712
194.40650940,0.00110172
194.45419312,0.00195930
194.50187683,0.00751443
194.54956055,0.01493584
194.59724426,0.01716991
194.64492798,0.01710786
194.69261169,0.01476532
194.74029541,0.00779359
194.78797913,0.00359501
194.83566284,0.00292012
194.88334656,0.00151565
194.93103027,0.00037075
194.97871399,0.00031657
195.02639771,0.00093132
195.07408142,0.00128298
195.12176514,0.00293369
195.16944885,0.00525695
195.21713257,0.00574542
195.26481628,0.00574115
